2024/03/25 17:45,01F0017N,01F0005N,31,45,75
2024/03/25 17:45,01F0017N,01F0005N,32,47,13
2024/03/25 17:45,01F0017N,01F0005N,41,46,5
2024/03/25 17:45,01F0017N,01F0005N,42,0,0
2024/03/25 17:45,01F0017N,01F0005N,5,0,0
2024/03/25 17:45,01F0029N,01F0017N,31,47,109
2024/03/25 17:45,01F0029N,01F0017N,32,48,23
2024/03/25 17:45,01F0029N,01F0017N,41,47,5
2024/03/25 17:45,01F0029N,01F0017N,42,63,1
2024/03/25 17:45,01F0029N,01F0017N,5,0,0
2024/03/25 17:45,01F0005S,01F0017S,31,50,49
2024/03/25 17:45,01F0005S,01F0017S,32,46,15
2024/03/25 17:45,01F0005S,01F0017S,41,46,1
2024/03/25 17:45,01F0005S,01F0017S,42,0,0
2024/03/25 17:45,01F0005S,01F0017S,5,0,0
2024/03/25 17:45,01F0061N,01F0029N,31,124,151
2024/03/25 17:45,01F0061N,01F0029N,32,121,33
2024/03/25 17:45,01F0061N,01F0029N,41,127,8
2024/03/25 17:45,01F0061N,01F0029N,42,158,1
2024/03/25 17:45,01F0061N,01F0029N,5,0,0
2024/03/25 17:45,01F0017S,01F0029S,31,47,67
2024/03/25 17:45,01F0017S,01F0029S,32,46,14
2024/03/25 17:45,01F0017S,01F0029S,41,46,2
2024/03/25 17:45,01F0017S,01F0029S,42,0,0
2024/03/25 17:45,01F0017S,01F0029S,5,0,0
2024/03/25 17:45,01F0099N,01F0061N,31,269,205
2024/03/25 17:45,01F0099N,01F0061N,32,268,56
2024/03/25 17:45,01F0099N,01F0061N,41,250,9
2024/03/25 17:45,01F0099N,01F0061N,42,270,2
2024/03/25 17:45,01F0099N,01F0061N,5,252,1
2024/03/25 17:45,01F0029S,01F0061S,31,122,102
2024/03/25 17:45,01F0029S,01F0061S,32,126,20
2024/03/25 17:45,01F0029S,01F0061S,41,130,4
2024/03/25 17:45,01F0029S,01F0061S,42,123,1
2024/03/25 17:45,01F0029S,01F0061S,5,146,2
2024/03/25 17:45,01F0147N,01F0099N,31,204,88
2024/03/25 17:45,01F0147N,01F0099N,32,207,17
2024/03/25 17:45,01F0147N,01F0099N,41,206,7
2024/03/25 17:45,01F0147N,01F0099N,42,210,3
2024/03/25 17:45,01F0147N,01F0099N,5,213,3
2024/03/25 17:45,01H0174N,01F0099N,31,301,56
2024/03/25 17:45,01H0174N,01F0099N,32,299,20
2024/03/25 17:45,01H0174N,01F0099N,41,330,3
2024/03/25 17:45,01H0174N,01F0099N,42,0,0
2024/03/25 17:45,01H0174N,01F0099N,5,0,0
2024/03/25 17:45,03F0087S,01F0099N,31,1018,2
2024/03/25 17:45,03F0087S,01F0099N,32,2411,1
2024/03/25 17:45,03F0087S,01F0099N,41,0,0
2024/03/25 17:45,03F0087S,01F0099N,42,0,0
2024/03/25 17:45,03F0087S,01F0099N,5,0,0
2024/03/25 17:45,03F0116N,01F0099N,31,114,83
2024/03/25 17:45,03F0116N,01F0099N,32,117,24
2024/03/25 17:45,03F0116N,01F0099N,41,110,1
2024/03/25 17:45,03F0116N,01F0099N,42,0,0
2024/03/25 17:45,03F0116N,01F0099N,5,122,4
2024/03/25 17:45,01F0061S,01F0099S,31,156,180
2024/03/25 17:45,01F0061S,01F0099S,32,155,47
2024/03/25 17:45,01F0061S,01F0099S,41,165,11
2024/03/25 17:45,01F0061S,01F0099S,42,164,3
2024/03/25 17:45,01F0061S,01F0099S,5,171,5
2024/03/25 17:45,01F0155N,01F0147N,31,44,201
2024/03/25 17:45,01F0155N,01F0147N,32,44,49
2024/03/25 17:45,01F0155N,01F0147N,41,47,4
2024/03/25 17:45,01F0155N,01F0147N,42,45,4
2024/03/25 17:45,01F0155N,01F0147N,5,45,8
2024/03/25 17:45,01F0099S,01F0147S,31,207,106
2024/03/25 17:45,01F0099S,01F0147S,32,197,20
2024/03/25 17:45,01F0099S,01F0147S,41,215,13
2024/03/25 17:45,01F0099S,01F0147S,42,0,0
2024/03/25 17:45,01F0099S,01F0147S,5,237,7
2024/03/25 17:45,03F0087S,01F0147S,31,220,9
2024/03/25 17:45,03F0087S,01F0147S,32,224,2
2024/03/25 17:45,03F0087S,01F0147S,41,240,1
2024/03/25 17:45,03F0087S,01F0147S,42,0,0
2024/03/25 17:45,03F0087S,01F0147S,5,253,4
2024/03/25 17:45,03F0116N,01F0147S,31,225,28
2024/03/25 17:45,03F0116N,01F0147S,32,230,7
2024/03/25 17:45,03F0116N,01F0147S,41,233,2
2024/03/25 17:45,03F0116N,01F0147S,42,250,1
2024/03/25 17:45,03F0116N,01F0147S,5,0,0
2024/03/25 17:45,01F0213N,01F0155N,31,534,102
2024/03/25 17:45,01F0213N,01F0155N,32,534,39
2024/03/25 17:45,01F0213N,01F0155N,41,0,0
2024/03/25 17:45,01F0213N,01F0155N,42,545,4
2024/03/25 17:45,01F0213N,01F0155N,5,527,6
2024/03/25 17:45,01F0147S,01F0155S,31,85,187
2024/03/25 17:45,01F0147S,01F0155S,32,76,33
2024/03/25 17:45,01F0147S,01F0155S,41,103,15
2024/03/25 17:45,01F0147S,01F0155S,42,123,2
2024/03/25 17:45,01F0147S,01F0155S,5,71,11
2024/03/25 17:45,01F0155S,01F0182S,31,339,135
2024/03/25 17:45,01F0155S,01F0182S,32,340,39
2024/03/25 17:45,01F0155S,01F0182S,41,318,6
2024/03/25 17:45,01F0155S,01F0182S,42,349,4
2024/03/25 17:45,01F0155S,01F0182S,5,322,9
2024/03/25 17:45,01F0233N,01F0213N,31,96,145
2024/03/25 17:45,01F0233N,01F0213N,32,93,44
2024/03/25 17:45,01F0233N,01F0213N,41,103,3
2024/03/25 17:45,01F0233N,01F0213N,42,108,1
2024/03/25 17:45,01F0233N,01F0213N,5,98,14
2024/03/25 17:45,01F0256N,01F0233N,31,107,236
2024/03/25 17:45,01F0256N,01F0233N,32,111,61
2024/03/25 17:45,01F0256N,01F0233N,41,117,5
2024/03/25 17:45,01F0256N,01F0233N,42,110,7
2024/03/25 17:45,01F0256N,01F0233N,5,105,9
2024/03/25 17:45,01F0182S,01F0248S,31,755,148
2024/03/25 17:45,01F0182S,01F0248S,32,754,43
2024/03/25 17:45,01F0182S,01F0248S,41,0,0
2024/03/25 17:45,01F0182S,01F0248S,42,760,3
2024/03/25 17:45,01F0182S,01F0248S,5,761,13
2024/03/25 17:45,01F0293N,01F0256N,31,150,256
2024/03/25 17:45,01F0293N,01F0256N,32,151,56
2024/03/25 17:45,01F0293N,01F0256N,41,158,15
2024/03/25 17:45,01F0293N,01F0256N,42,157,11
2024/03/25 17:45,01F0293N,01F0256N,5,157,9
2024/03/25 17:45,01F0248S,01F0264S,31,72,230
2024/03/25 17:45,01F0248S,01F0264S,32,72,65
2024/03/25 17:45,01F0248S,01F0264S,41,79,6
2024/03/25 17:45,01F0248S,01F0264S,42,85,7
2024/03/25 17:45,01F0248S,01F0264S,5,74,13
2024/03/25 17:45,01F0340N,01F0293N,31,187,247
2024/03/25 17:45,01F0340N,01F0293N,32,189,65
2024/03/25 17:45,01F0340N,01F0293N,41,196,18
2024/03/25 17:45,01F0340N,01F0293N,42,200,8
2024/03/25 17:45,01F0340N,01F0293N,5,216,2
2024/03/25 17:45,01F0264S,01F0293S,31,117,241
2024/03/25 17:45,01F0264S,01F0293S,32,118,58
2024/03/25 17:45,01F0264S,01F0293S,41,117,11
2024/03/25 17:45,01F0264S,01F0293S,42,129,9
2024/03/25 17:45,01F0264S,01F0293S,5,125,14
2024/03/25 17:45,01F0293S,01F0339S,31,195,207
2024/03/25 17:45,01F0293S,01F0339S,32,199,55
2024/03/25 17:45,01F0293S,01F0339S,41,208,12
2024/03/25 17:45,01F0293S,01F0339S,42,208,12
2024/03/25 17:45,01F0293S,01F0339S,5,220,5
2024/03/25 17:45,01H0305S,01F0339S,31,145,95
2024/03/25 17:45,01H0305S,01F0339S,32,145,30
2024/03/25 17:45,01H0305S,01F0339S,41,144,1
2024/03/25 17:45,01H0305S,01F0339S,42,150,1
2024/03/25 17:45,01H0305S,01F0339S,5,0,0
2024/03/25 17:45,01F0376N,01F0340N,31,506,307
2024/03/25 17:45,01F0376N,01F0340N,32,509,107
2024/03/25 17:45,01F0376N,01F0340N,41,485,14
2024/03/25 17:45,01F0376N,01F0340N,42,507,7
2024/03/25 17:45,01F0376N,01F0340N,5,538,6
2024/03/25 17:45,01H0447N,01F0340N,31,995,145
2024/03/25 17:45,01H0447N,01F0340N,32,1018,42
2024/03/25 17:45,01H0447N,01F0340N,41,1045,6
2024/03/25 17:45,01H0447N,01F0340N,42,1126,1
2024/03/25 17:45,01H0447N,01F0340N,5,0,0
2024/03/25 17:45,01F0413N,01F0376N,31,677,145
2024/03/25 17:45,01F0413N,01F0376N,32,699,55
2024/03/25 17:45,01F0413N,01F0376N,41,777,1
2024/03/25 17:45,01F0413N,01F0376N,42,756,4
2024/03/25 17:45,01F0413N,01F0376N,5,739,2
2024/03/25 17:45,01F0339S,01F0376S,31,210,385
2024/03/25 17:45,01F0339S,01F0376S,32,211,80
2024/03/25 17:45,01F0339S,01F0376S,41,233,5
2024/03/25 17:45,01F0339S,01F0376S,42,206,13
2024/03/25 17:45,01F0339S,01F0376S,5,221,9
2024/03/25 17:45,01F0467N,01F0413N,31,591,117
2024/03/25 17:45,01F0467N,01F0413N,32,593,49
2024/03/25 17:45,01F0467N,01F0413N,41,608,2
2024/03/25 17:45,01F0467N,01F0413N,42,0,0
2024/03/25 17:45,01F0467N,01F0413N,5,612,1
2024/03/25 17:45,01F0376S,01F0413S,31,183,207
2024/03/25 17:45,01F0376S,01F0413S,32,188,49
2024/03/25 17:45,01F0376S,01F0413S,41,214,5
2024/03/25 17:45,01F0376S,01F0413S,42,210,13
2024/03/25 17:45,01F0376S,01F0413S,5,243,7
2024/03/25 17:45,01F0492N,01F0467N,31,96,180
2024/03/25 17:45,01F0492N,01F0467N,32,98,62
2024/03/25 17:45,01F0492N,01F0467N,41,97,3
2024/03/25 17:45,01F0492N,01F0467N,42,113,12
2024/03/25 17:45,01F0492N,01F0467N,5,103,3
2024/03/25 17:45,01F0413S,01F0467S,31,222,195
2024/03/25 17:45,01F0413S,01F0467S,32,225,49
2024/03/25 17:45,01F0413S,01F0467S,41,230,5
2024/03/25 17:45,01F0413S,01F0467S,42,238,10
2024/03/25 17:45,01F0413S,01F0467S,5,232,9
2024/03/25 17:45,01F0511N,01F0492N,31,70,185
2024/03/25 17:45,01F0511N,01F0492N,32,71,68
2024/03/25 17:45,01F0511N,01F0492N,41,70,4
2024/03/25 17:45,01F0511N,01F0492N,42,80,11
2024/03/25 17:45,01F0511N,01F0492N,5,73,2
2024/03/25 17:45,01F0467S,01F0492S,31,93,173
2024/03/25 17:45,01F0467S,01F0492S,32,95,60
2024/03/25 17:45,01F0467S,01F0492S,41,101,7
2024/03/25 17:45,01F0467S,01F0492S,42,105,10
2024/03/25 17:45,01F0467S,01F0492S,5,108,6
2024/03/25 17:45,01F0532N,01F0511N,31,91,230
2024/03/25 17:45,01F0532N,01F0511N,32,92,81
2024/03/25 17:45,01F0532N,01F0511N,41,94,4
2024/03/25 17:45,01F0532N,01F0511N,42,101,14
2024/03/25 17:45,01F0532N,01F0511N,5,95,3
2024/03/25 17:45,03F0525S,01F0511N,31,674,19
2024/03/25 17:45,03F0525S,01F0511N,32,694,1
2024/03/25 17:45,03F0525S,01F0511N,41,0,0
2024/03/25 17:45,03F0525S,01F0511N,42,737,1
2024/03/25 17:45,03F0525S,01F0511N,5,0,0
2024/03/25 17:45,03F0559N,01F0511N,31,707,16
2024/03/25 17:45,03F0559N,01F0511N,32,0,0
2024/03/25 17:45,03F0559N,01F0511N,41,0,0
2024/03/25 17:45,03F0559N,01F0511N,42,0,0
2024/03/25 17:45,03F0559N,01F0511N,5,0,0
2024/03/25 17:45,01F0492S,01F0511S,31,87,185
2024/03/25 17:45,01F0492S,01F0511S,32,88,63
2024/03/25 17:45,01F0492S,01F0511S,41,85,5
2024/03/25 17:45,01F0492S,01F0511S,42,90,9
2024/03/25 17:45,01F0492S,01F0511S,5,92,5
2024/03/25 17:45,01F0532S,01F0532N,31,2494,5
2024/03/25 17:45,01F0532S,01F0532N,32,1877,2
2024/03/25 17:45,01F0532S,01F0532N,41,3536,1
2024/03/25 17:45,01F0532S,01F0532N,42,0,0
2024/03/25 17:45,01F0532S,01F0532N,5,0,0
2024/03/25 17:45,01F0557N,01F0532N,31,168,270
2024/03/25 17:45,01F0557N,01F0532N,32,166,78
2024/03/25 17:45,01F0557N,01F0532N,41,172,5
2024/03/25 17:45,01F0557N,01F0532N,42,172,12
2024/03/25 17:45,01F0557N,01F0532N,5,170,7
2024/03/25 17:45,01F0511S,01F0532S,31,89,210
2024/03/25 17:45,01F0511S,01F0532S,32,89,39
2024/03/25 17:45,01F0511S,01F0532S,41,91,7
2024/03/25 17:45,01F0511S,01F0532S,42,101,9
2024/03/25 17:45,01F0511S,01F0532S,5,97,7
2024/03/25 17:45,03F0525S,01F0532S,31,701,14
2024/03/25 17:45,03F0525S,01F0532S,32,720,3
2024/03/25 17:45,03F0525S,01F0532S,41,0,0
2024/03/25 17:45,03F0525S,01F0532S,42,0,0
2024/03/25 17:45,03F0525S,01F0532S,5,0,0
2024/03/25 17:45,03F0559N,01F0532S,31,755,1
2024/03/25 17:45,03F0559N,01F0532S,32,0,0
2024/03/25 17:45,03F0559N,01F0532S,41,0,0
2024/03/25 17:45,03F0559N,01F0532S,42,0,0
2024/03/25 17:45,03F0559N,01F0532S,5,0,0
2024/03/25 17:45,01F0584N,01F0557N,31,203,205
2024/03/25 17:45,01F0584N,01F0557N,32,205,56
2024/03/25 17:45,01F0584N,01F0557N,41,222,3
2024/03/25 17:45,01F0584N,01F0557N,42,206,21
2024/03/25 17:45,01F0584N,01F0557N,5,225,5
2024/03/25 17:45,01F0532S,01F0557S,31,138,263
2024/03/25 17:45,01F0532S,01F0557S,32,139,73
2024/03/25 17:45,01F0532S,01F0557S,41,142,4
2024/03/25 17:45,01F0532S,01F0557S,42,145,18
2024/03/25 17:45,01F0532S,01F0557S,5,146,10
2024/03/25 17:45,01F0557N,01F0557S,31,124,12
2024/03/25 17:45,01F0557N,01F0557S,32,2670,3
2024/03/25 17:45,01F0557N,01F0557S,41,0,0
2024/03/25 17:45,01F0557N,01F0557S,42,2605,1
2024/03/25 17:45,01F0557N,01F0557S,5,0,0
2024/03/25 17:45,01F0557S,01F0578S,31,177,167
2024/03/25 17:45,01F0557S,01F0578S,32,177,47
2024/03/25 17:45,01F0557S,01F0578S,41,180,4
2024/03/25 17:45,01F0557S,01F0578S,42,192,12
2024/03/25 17:45,01F0557S,01F0578S,5,190,4
2024/03/25 17:45,01F0633N,01F0584N,31,251,168
2024/03/25 17:45,01F0633N,01F0584N,32,252,49
2024/03/25 17:45,01F0633N,01F0584N,41,285,2
2024/03/25 17:45,01F0633N,01F0584N,42,269,14
2024/03/25 17:45,01F0633N,01F0584N,5,282,9
2024/03/25 17:45,01H0608N,01F0584N,31,129,89
2024/03/25 17:45,01H0608N,01F0584N,32,127,23
2024/03/25 17:45,01H0608N,01F0584N,41,134,3
2024/03/25 17:45,01H0608N,01F0584N,42,433,2
2024/03/25 17:45,01H0608N,01F0584N,5,0,0
2024/03/25 17:45,01F0664N,01F0633N,31,119,169
2024/03/25 17:45,01F0664N,01F0633N,32,123,39
2024/03/25 17:45,01F0664N,01F0633N,41,134,2
2024/03/25 17:45,01F0664N,01F0633N,42,133,20
2024/03/25 17:45,01F0664N,01F0633N,5,132,6
2024/03/25 17:45,01F0578S,01F0633S,31,395,102
2024/03/25 17:45,01F0578S,01F0633S,32,400,32
2024/03/25 17:45,01F0578S,01F0633S,41,0,0
2024/03/25 17:45,01F0578S,01F0633S,42,406,12
2024/03/25 17:45,01F0578S,01F0633S,5,413,2
2024/03/25 17:45,01H0579S,01F0633S,31,357,38
2024/03/25 17:45,01H0579S,01F0633S,32,353,12
2024/03/25 17:45,01H0579S,01F0633S,41,392,3
2024/03/25 17:45,01H0579S,01F0633S,42,337,1
2024/03/25 17:45,01H0579S,01F0633S,5,0,0
2024/03/25 17:45,01F0681N,01F0664N,31,77,213
2024/03/25 17:45,01F0681N,01F0664N,32,78,59
2024/03/25 17:45,01F0681N,01F0664N,41,77,1
2024/03/25 17:45,01F0681N,01F0664N,42,81,17
2024/03/25 17:45,01F0681N,01F0664N,5,113,3
2024/03/25 17:45,01F0633S,01F0664S,31,127,133
2024/03/25 17:45,01F0633S,01F0664S,32,130,44
2024/03/25 17:45,01F0633S,01F0664S,41,0,0
2024/03/25 17:45,01F0633S,01F0664S,42,143,7
2024/03/25 17:45,01F0633S,01F0664S,5,150,5
2024/03/25 17:45,01F0699N,01F0681N,31,71,145
2024/03/25 17:45,01F0699N,01F0681N,32,74,48
2024/03/25 17:45,01F0699N,01F0681N,41,73,2
2024/03/25 17:45,01F0699N,01F0681N,42,75,14
2024/03/25 17:45,01F0699N,01F0681N,5,81,5
2024/03/25 17:45,01F0664S,01F0681S,31,67,143
2024/03/25 17:45,01F0664S,01F0681S,32,71,35
2024/03/25 17:45,01F0664S,01F0681S,41,0,0
2024/03/25 17:45,01F0664S,01F0681S,42,72,10
2024/03/25 17:45,01F0664S,01F0681S,5,125,5
2024/03/25 17:45,01F0750N,01F0699N,31,192,184
2024/03/25 17:45,01F0750N,01F0699N,32,193,49
2024/03/25 17:45,01F0750N,01F0699N,41,200,6
2024/03/25 17:45,01F0750N,01F0699N,42,211,12
2024/03/25 17:45,01F0750N,01F0699N,5,208,5
2024/03/25 17:45,01F0681S,01F0699S,31,67,57
2024/03/25 17:45,01F0681S,01F0699S,32,72,13
2024/03/25 17:45,01F0681S,01F0699S,41,0,0
2024/03/25 17:45,01F0681S,01F0699S,42,79,10
2024/03/25 17:45,01F0681S,01F0699S,5,84,2
2024/03/25 17:45,01F0880N,01F0750N,31,664,234
2024/03/25 17:45,01F0880N,01F0750N,32,660,74
2024/03/25 17:45,01F0880N,01F0750N,41,657,9
2024/03/25 17:45,01F0880N,01F0750N,42,654,11
2024/03/25 17:45,01F0880N,01F0750N,5,689,7
2024/03/25 17:45,01F0699S,01F0750S,31,180,88
2024/03/25 17:45,01F0699S,01F0750S,32,179,24
2024/03/25 17:45,01F0699S,01F0750S,41,0,0
2024/03/25 17:45,01F0699S,01F0750S,42,199,13
2024/03/25 17:45,01F0699S,01F0750S,5,205,3
2024/03/25 17:45,01H0610S,01F0750S,31,535,126
2024/03/25 17:45,01H0610S,01F0750S,32,531,35
2024/03/25 17:45,01H0610S,01F0750S,41,565,3
2024/03/25 17:45,01H0610S,01F0750S,42,0,0
2024/03/25 17:45,01H0610S,01F0750S,5,0,0
2024/03/25 17:45,01F0928N,01F0880N,31,216,228
2024/03/25 17:45,01F0928N,01F0880N,32,217,56
2024/03/25 17:45,01F0928N,01F0880N,41,227,8
2024/03/25 17:45,01F0928N,01F0880N,42,229,15
2024/03/25 17:45,01F0928N,01F0880N,5,223,6
2024/03/25 17:45,01F0750S,01F0880S,31,496,188
2024/03/25 17:45,01F0750S,01F0880S,32,505,58
2024/03/25 17:45,01F0750S,01F0880S,41,541,6
2024/03/25 17:45,01F0750S,01F0880S,42,568,11
2024/03/25 17:45,01F0750S,01F0880S,5,563,7
2024/03/25 17:45,01F0956N,01F0928N,31,277,176
2024/03/25 17:45,01F0956N,01F0928N,32,275,56
2024/03/25 17:45,01F0956N,01F0928N,41,299,7
2024/03/25 17:45,01F0956N,01F0928N,42,284,11
2024/03/25 17:45,01F0956N,01F0928N,5,278,7
2024/03/25 17:45,01F0880S,01F0928S,31,188,186
2024/03/25 17:45,01F0880S,01F0928S,32,187,53
2024/03/25 17:45,01F0880S,01F0928S,41,209,6
2024/03/25 17:45,01F0880S,01F0928S,42,210,7
2024/03/25 17:45,01F0880S,01F0928S,5,208,12
2024/03/25 17:45,01F0928S,01F0950S,31,80,124
2024/03/25 17:45,01F0928S,01F0950S,32,82,54
2024/03/25 17:45,01F0928S,01F0950S,41,89,7
2024/03/25 17:45,01F0928S,01F0950S,42,85,5
2024/03/25 17:45,01F0928S,01F0950S,5,93,12
2024/03/25 17:45,01F0979N,01F0956N,31,101,155
2024/03/25 17:45,01F0979N,01F0956N,32,102,55
2024/03/25 17:45,01F0979N,01F0956N,41,105,2
2024/03/25 17:45,01F0979N,01F0956N,42,118,16
2024/03/25 17:45,01F0979N,01F0956N,5,110,7
2024/03/25 17:45,01F1045N,01F0979N,31,239,138
2024/03/25 17:45,01F1045N,01F0979N,32,241,33
2024/03/25 17:45,01F1045N,01F0979N,41,261,4
2024/03/25 17:45,01F1045N,01F0979N,42,256,10
2024/03/25 17:45,01F1045N,01F0979N,5,296,5
2024/03/25 17:45,03F0996S,01F0979N,31,92,49
2024/03/25 17:45,03F0996S,01F0979N,32,93,8
2024/03/25 17:45,03F0996S,01F0979N,41,98,1
2024/03/25 17:45,03F0996S,01F0979N,42,88,1
2024/03/25 17:45,03F0996S,01F0979N,5,0,0
2024/03/25 17:45,03F1022N,01F0979N,31,137,102
2024/03/25 17:45,03F1022N,01F0979N,32,148,24
2024/03/25 17:45,03F1022N,01F0979N,41,0,0
2024/03/25 17:45,03F1022N,01F0979N,42,151,3
2024/03/25 17:45,03F1022N,01F0979N,5,153,6
2024/03/25 17:45,01F0950S,01F0980S,31,127,170
2024/03/25 17:45,01F0950S,01F0980S,32,130,54
2024/03/25 17:45,01F0950S,01F0980S,41,131,3
2024/03/25 17:45,01F0950S,01F0980S,42,139,7
2024/03/25 17:45,01F0950S,01F0980S,5,156,14
2024/03/25 17:45,01F1123N,01F1045N,31,269,142
2024/03/25 17:45,01F1123N,01F1045N,32,271,44
2024/03/25 17:45,01F1123N,01F1045N,41,301,4
2024/03/25 17:45,01F1123N,01F1045N,42,299,12
2024/03/25 17:45,01F1123N,01F1045N,5,315,7
2024/03/25 17:45,01F0980S,01F1045S,31,237,195
2024/03/25 17:45,01F0980S,01F1045S,32,241,47
2024/03/25 17:45,01F0980S,01F1045S,41,244,4
2024/03/25 17:45,01F0980S,01F1045S,42,0,0
2024/03/25 17:45,01F0980S,01F1045S,5,250,2
2024/03/25 17:45,03F0996S,01F1045S,31,238,52
2024/03/25 17:45,03F0996S,01F1045S,32,243,18
2024/03/25 17:45,03F0996S,01F1045S,41,0,0
2024/03/25 17:45,03F0996S,01F1045S,42,266,1
2024/03/25 17:45,03F0996S,01F1045S,5,0,0
2024/03/25 17:45,03F1022N,01F1045S,31,0,0
2024/03/25 17:45,03F1022N,01F1045S,32,1229,2
2024/03/25 17:45,03F1022N,01F1045S,41,0,0
2024/03/25 17:45,03F1022N,01F1045S,42,0,0
2024/03/25 17:45,03F1022N,01F1045S,5,0,0
2024/03/25 17:45,01F1292N,01F1123N,31,587,161
2024/03/25 17:45,01F1292N,01F1123N,32,588,29
2024/03/25 17:45,01F1292N,01F1123N,41,633,5
2024/03/25 17:45,01F1292N,01F1123N,42,705,12
2024/03/25 17:45,01F1292N,01F1123N,5,699,6
2024/03/25 17:45,01F1045S,01F1123S,31,278,134
2024/03/25 17:45,01F1045S,01F1123S,32,280,44
2024/03/25 17:45,01F1045S,01F1123S,41,283,2
2024/03/25 17:45,01F1045S,01F1123S,42,301,5
2024/03/25 17:45,01F1045S,01F1123S,5,0,0
2024/03/25 17:45,01F1389N,01F1292N,31,325,116
2024/03/25 17:45,01F1389N,01F1292N,32,329,37
2024/03/25 17:45,01F1389N,01F1292N,41,360,4
2024/03/25 17:45,01F1389N,01F1292N,42,374,9
2024/03/25 17:45,01F1389N,01F1292N,5,377,8
2024/03/25 17:45,01F1123S,01F1292S,31,602,118
2024/03/25 17:45,01F1123S,01F1292S,32,610,39
2024/03/25 17:45,01F1123S,01F1292S,41,641,4
2024/03/25 17:45,01F1123S,01F1292S,42,734,12
2024/03/25 17:45,01F1123S,01F1292S,5,734,3
2024/03/25 17:45,01F1465N,01F1389N,31,261,147
2024/03/25 17:45,01F1465N,01F1389N,32,264,42
2024/03/25 17:45,01F1465N,01F1389N,41,290,3
2024/03/25 17:45,01F1465N,01F1389N,42,291,15
2024/03/25 17:45,01F1465N,01F1389N,5,296,7
2024/03/25 17:45,01F1292S,01F1389S,31,334,103
2024/03/25 17:45,01F1292S,01F1389S,32,337,56
2024/03/25 17:45,01F1292S,01F1389S,41,359,7
2024/03/25 17:45,01F1292S,01F1389S,42,407,6
2024/03/25 17:45,01F1292S,01F1389S,5,0,0
2024/03/25 17:45,01F1572N,01F1465N,31,361,99
2024/03/25 17:45,01F1572N,01F1465N,32,367,33
2024/03/25 17:45,01F1572N,01F1465N,41,400,4
2024/03/25 17:45,01F1572N,01F1465N,42,405,8
2024/03/25 17:45,01F1572N,01F1465N,5,462,9
2024/03/25 17:45,01F1389S,01F1465S,31,263,104
2024/03/25 17:45,01F1389S,01F1465S,32,267,52
2024/03/25 17:45,01F1389S,01F1465S,41,0,0
2024/03/25 17:45,01F1389S,01F1465S,42,292,6
2024/03/25 17:45,01F1389S,01F1465S,5,319,5
2024/03/25 17:45,01F1621N,01F1572N,31,167,125
2024/03/25 17:45,01F1621N,01F1572N,32,176,30
2024/03/25 17:45,01F1621N,01F1572N,41,183,6
2024/03/25 17:45,01F1621N,01F1572N,42,188,7
2024/03/25 17:45,01F1621N,01F1572N,5,211,3
2024/03/25 17:45,01F1465S,01F1572S,31,375,121
2024/03/25 17:45,01F1465S,01F1572S,32,382,57
2024/03/25 17:45,01F1465S,01F1572S,41,391,5
2024/03/25 17:45,01F1465S,01F1572S,42,459,5
2024/03/25 17:45,01F1465S,01F1572S,5,536,3
2024/03/25 17:45,01F1664N,01F1621N,31,146,96
2024/03/25 17:45,01F1664N,01F1621N,32,147,33
2024/03/25 17:45,01F1664N,01F1621N,41,165,3
2024/03/25 17:45,01F1664N,01F1621N,42,168,9
2024/03/25 17:45,01F1664N,01F1621N,5,191,2
2024/03/25 17:45,03F1651S,01F1621N,31,0,0
2024/03/25 17:45,03F1651S,01F1621N,32,0,0
2024/03/25 17:45,03F1651S,01F1621N,41,0,0
2024/03/25 17:45,03F1651S,01F1621N,42,0,0
2024/03/25 17:45,03F1651S,01F1621N,5,0,0
2024/03/25 17:45,03F1710N,01F1621N,31,642,1
2024/03/25 17:45,03F1710N,01F1621N,32,640,2
2024/03/25 17:45,03F1710N,01F1621N,41,0,0
2024/03/25 17:45,03F1710N,01F1621N,42,0,0
2024/03/25 17:45,03F1710N,01F1621N,5,0,0
2024/03/25 17:45,01F1572S,01F1621S,31,178,167
2024/03/25 17:45,01F1572S,01F1621S,32,183,49
2024/03/25 17:45,01F1572S,01F1621S,41,189,10
2024/03/25 17:45,01F1572S,01F1621S,42,483,4
2024/03/25 17:45,01F1572S,01F1621S,5,206,3
2024/03/25 17:45,01F1699N,01F1664N,31,127,195
2024/03/25 17:45,01F1699N,01F1664N,32,130,50
2024/03/25 17:45,01F1699N,01F1664N,41,141,5
2024/03/25 17:45,01F1699N,01F1664N,42,146,10
2024/03/25 17:45,01F1699N,01F1664N,5,139,5
2024/03/25 17:45,01F1621S,01F1664S,31,157,166
2024/03/25 17:45,01F1621S,01F1664S,32,158,38
2024/03/25 17:45,01F1621S,01F1664S,41,166,8
2024/03/25 17:45,01F1621S,01F1664S,42,205,5
2024/03/25 17:45,01F1621S,01F1664S,5,237,5
2024/03/25 17:45,03F1651S,01F1664S,31,671,44
2024/03/25 17:45,03F1651S,01F1664S,32,673,10
2024/03/25 17:45,03F1651S,01F1664S,41,675,1
2024/03/25 17:45,03F1651S,01F1664S,42,0,0
2024/03/25 17:45,03F1651S,01F1664S,5,743,1
2024/03/25 17:45,03F1710N,01F1664S,31,591,3
2024/03/25 17:45,03F1710N,01F1664S,32,0,0
2024/03/25 17:45,03F1710N,01F1664S,41,0,0
2024/03/25 17:45,03F1710N,01F1664S,42,0,0
2024/03/25 17:45,03F1710N,01F1664S,5,0,0
2024/03/25 17:45,01F1774N,01F1699N,31,270,168
2024/03/25 17:45,01F1774N,01F1699N,32,278,55
2024/03/25 17:45,01F1774N,01F1699N,41,296,10
2024/03/25 17:45,01F1774N,01F1699N,42,313,4
2024/03/25 17:45,01F1774N,01F1699N,5,295,4
2024/03/25 17:45,01F1664S,01F1699S,31,206,219
2024/03/25 17:45,01F1664S,01F1699S,32,209,56
2024/03/25 17:45,01F1664S,01F1699S,41,204,9
2024/03/25 17:45,01F1664S,01F1699S,42,212,3
2024/03/25 17:45,01F1664S,01F1699S,5,220,4
2024/03/25 17:45,01F1802N,01F1774N,31,102,148
2024/03/25 17:45,01F1802N,01F1774N,32,103,73
2024/03/25 17:45,01F1802N,01F1774N,41,119,1
2024/03/25 17:45,01F1802N,01F1774N,42,115,11
2024/03/25 17:45,01F1802N,01F1774N,5,101,3
2024/03/25 17:45,01F1699S,01F1774S,31,329,174
2024/03/25 17:45,01F1699S,01F1774S,32,322,48
2024/03/25 17:45,01F1699S,01F1774S,41,333,2
2024/03/25 17:45,01F1699S,01F1774S,42,336,6
2024/03/25 17:45,01F1699S,01F1774S,5,345,2
2024/03/25 17:45,01F1839N,01F1802N,31,134,184
2024/03/25 17:45,01F1839N,01F1802N,32,136,61
2024/03/25 17:45,01F1839N,01F1802N,41,140,7
2024/03/25 17:45,01F1839N,01F1802N,42,149,6
2024/03/25 17:45,01F1839N,01F1802N,5,148,6
2024/03/25 17:45,01F1774S,01F1802S,31,97,127
2024/03/25 17:45,01F1774S,01F1802S,32,96,39
2024/03/25 17:45,01F1774S,01F1802S,41,107,2
2024/03/25 17:45,01F1774S,01F1802S,42,107,6
2024/03/25 17:45,01F1774S,01F1802S,5,108,2
2024/03/25 17:45,01F1906N,01F1839N,31,242,185
2024/03/25 17:45,01F1906N,01F1839N,32,247,51
2024/03/25 17:45,01F1906N,01F1839N,41,255,4
2024/03/25 17:45,01F1906N,01F1839N,42,272,8
2024/03/25 17:45,01F1906N,01F1839N,5,281,3
2024/03/25 17:45,01F1802S,01F1839S,31,125,151
2024/03/25 17:45,01F1802S,01F1839S,32,126,47
2024/03/25 17:45,01F1802S,01F1839S,41,136,3
2024/03/25 17:45,01F1802S,01F1839S,42,146,8
2024/03/25 17:45,01F1802S,01F1839S,5,135,1
2024/03/25 17:45,01F1960N,01F1906N,31,195,223
2024/03/25 17:45,01F1960N,01F1906N,32,191,63
2024/03/25 17:45,01F1960N,01F1906N,41,213,3
2024/03/25 17:45,01F1960N,01F1906N,42,196,9
2024/03/25 17:45,01F1960N,01F1906N,5,220,6
2024/03/25 17:45,03F1944S,01F1906N,31,248,23
2024/03/25 17:45,03F1944S,01F1906N,32,246,4
2024/03/25 17:45,03F1944S,01F1906N,41,0,0
2024/03/25 17:45,03F1944S,01F1906N,42,0,0
2024/03/25 17:45,03F1944S,01F1906N,5,0,0
2024/03/25 17:45,03F1992N,01F1906N,31,248,15
2024/03/25 17:45,03F1992N,01F1906N,32,249,5
2024/03/25 17:45,03F1992N,01F1906N,41,0,0
2024/03/25 17:45,03F1992N,01F1906N,42,0,0
2024/03/25 17:45,03F1992N,01F1906N,5,264,1
2024/03/25 17:45,01F1839S,01F1906S,31,238,160
2024/03/25 17:45,01F1839S,01F1906S,32,242,45
2024/03/25 17:45,01F1839S,01F1906S,41,264,3
2024/03/25 17:45,01F1839S,01F1906S,42,269,4
2024/03/25 17:45,01F1839S,01F1906S,5,263,2
2024/03/25 17:45,01F2011N,01F1960N,31,182,231
2024/03/25 17:45,01F2011N,01F1960N,32,186,63
2024/03/25 17:45,01F2011N,01F1960N,41,0,0
2024/03/25 17:45,01F2011N,01F1960N,42,187,13
2024/03/25 17:45,01F2011N,01F1960N,5,232,13
2024/03/25 17:45,01F1906S,01F1960S,31,184,177
2024/03/25 17:45,01F1906S,01F1960S,32,185,54
2024/03/25 17:45,01F1906S,01F1960S,41,199,4
2024/03/25 17:45,01F1906S,01F1960S,42,206,9
2024/03/25 17:45,01F1906S,01F1960S,5,241,2
2024/03/25 17:45,03F1944S,01F1960S,31,266,52
2024/03/25 17:45,03F1944S,01F1960S,32,278,21
2024/03/25 17:45,03F1944S,01F1960S,41,289,1
2024/03/25 17:45,03F1944S,01F1960S,42,287,7
2024/03/25 17:45,03F1944S,01F1960S,5,300,17
2024/03/25 17:45,03F1992N,01F1960S,31,280,40
2024/03/25 17:45,03F1992N,01F1960S,32,284,20
2024/03/25 17:45,03F1992N,01F1960S,41,0,0
2024/03/25 17:45,03F1992N,01F1960S,42,291,3
2024/03/25 17:45,03F1992N,01F1960S,5,300,2
2024/03/25 17:45,01F2089N,01F2011N,31,286,173
2024/03/25 17:45,01F2089N,01F2011N,32,288,56
2024/03/25 17:45,01F2089N,01F2011N,41,309,5
2024/03/25 17:45,01F2089N,01F2011N,42,314,18
2024/03/25 17:45,01F2089N,01F2011N,5,352,14
2024/03/25 17:45,01F1960S,01F2011S,31,179,180
2024/03/25 17:45,01F1960S,01F2011S,32,180,68
2024/03/25 17:45,01F1960S,01F2011S,41,201,1
2024/03/25 17:45,01F1960S,01F2011S,42,198,15
2024/03/25 17:45,01F1960S,01F2011S,5,219,11
2024/03/25 17:45,01F2156N,01F2089N,31,238,197
2024/03/25 17:45,01F2156N,01F2089N,32,243,74
2024/03/25 17:45,01F2156N,01F2089N,41,309,1
2024/03/25 17:45,01F2156N,01F2089N,42,265,17
2024/03/25 17:45,01F2156N,01F2089N,5,274,12
2024/03/25 17:45,01F2011S,01F2089S,31,268,169
2024/03/25 17:45,01F2011S,01F2089S,32,280,60
2024/03/25 17:45,01F2011S,01F2089S,41,294,2
2024/03/25 17:45,01F2011S,01F2089S,42,318,13
2024/03/25 17:45,01F2011S,01F2089S,5,349,19
2024/03/25 17:45,01F2249N,01F2156N,31,319,140
2024/03/25 17:45,01F2249N,01F2156N,32,314,64
2024/03/25 17:45,01F2249N,01F2156N,41,350,4
2024/03/25 17:45,01F2249N,01F2156N,42,443,20
2024/03/25 17:45,01F2249N,01F2156N,5,433,17
2024/03/25 17:45,01F2089S,01F2156S,31,274,165
2024/03/25 17:45,01F2089S,01F2156S,32,279,86
2024/03/25 17:45,01F2089S,01F2156S,41,301,5
2024/03/25 17:45,01F2089S,01F2156S,42,296,19
2024/03/25 17:45,01F2089S,01F2156S,5,318,15
2024/03/25 17:45,01F2322N,01F2249N,31,254,154
2024/03/25 17:45,01F2322N,01F2249N,32,261,53
2024/03/25 17:45,01F2322N,01F2249N,41,279,5
2024/03/25 17:45,01F2322N,01F2249N,42,294,20
2024/03/25 17:45,01F2322N,01F2249N,5,334,11
2024/03/25 17:45,01F2156S,01F2249S,31,322,111
2024/03/25 17:45,01F2156S,01F2249S,32,323,42
2024/03/25 17:45,01F2156S,01F2249S,41,364,3
2024/03/25 17:45,01F2156S,01F2249S,42,383,13
2024/03/25 17:45,01F2156S,01F2249S,5,391,11
2024/03/25 17:45,01F2394N,01F2322N,31,240,136
2024/03/25 17:45,01F2394N,01F2322N,32,248,58
2024/03/25 17:45,01F2394N,01F2322N,41,274,4
2024/03/25 17:45,01F2394N,01F2322N,42,275,25
2024/03/25 17:45,01F2394N,01F2322N,5,301,17
2024/03/25 17:45,01F2249S,01F2322S,31,250,91
2024/03/25 17:45,01F2249S,01F2322S,32,251,34
2024/03/25 17:45,01F2249S,01F2322S,41,256,1
2024/03/25 17:45,01F2249S,01F2322S,42,281,12
2024/03/25 17:45,01F2249S,01F2322S,5,283,10
2024/03/25 17:45,01F2425N,01F2394N,31,104,123
2024/03/25 17:45,01F2425N,01F2394N,32,105,56
2024/03/25 17:45,01F2425N,01F2394N,41,115,6
2024/03/25 17:45,01F2425N,01F2394N,42,117,17
2024/03/25 17:45,01F2425N,01F2394N,5,128,19
2024/03/25 17:45,01F2322S,01F2394S,31,239,114
2024/03/25 17:45,01F2322S,01F2394S,32,246,36
2024/03/25 17:45,01F2322S,01F2394S,41,265,2
2024/03/25 17:45,01F2322S,01F2394S,42,277,8
2024/03/25 17:45,01F2322S,01F2394S,5,299,21
2024/03/25 17:45,01F2472N,01F2425N,31,158,117
2024/03/25 17:45,01F2472N,01F2425N,32,156,63
2024/03/25 17:45,01F2472N,01F2425N,41,0,0
2024/03/25 17:45,01F2472N,01F2425N,42,332,18
2024/03/25 17:45,01F2472N,01F2425N,5,234,22
2024/03/25 17:45,01F2394S,01F2425S,31,103,107
2024/03/25 17:45,01F2394S,01F2425S,32,102,42
2024/03/25 17:45,01F2394S,01F2425S,41,128,4
2024/03/25 17:45,01F2394S,01F2425S,42,118,19
2024/03/25 17:45,01F2394S,01F2425S,5,129,18
2024/03/25 17:45,01F2514N,01F2472N,31,140,132
2024/03/25 17:45,01F2514N,01F2472N,32,141,58
2024/03/25 17:45,01F2514N,01F2472N,41,158,1
2024/03/25 17:45,01F2514N,01F2472N,42,172,17
2024/03/25 17:45,01F2514N,01F2472N,5,171,15
2024/03/25 17:45,01F2425S,01F2472S,31,154,109
2024/03/25 17:45,01F2425S,01F2472S,32,153,42
2024/03/25 17:45,01F2425S,01F2472S,41,0,0
2024/03/25 17:45,01F2425S,01F2472S,42,182,24
2024/03/25 17:45,01F2425S,01F2472S,5,195,12
2024/03/25 17:45,01F2603N,01F2514N,31,294,117
2024/03/25 17:45,01F2603N,01F2514N,32,297,43
2024/03/25 17:45,01F2603N,01F2514N,41,309,1
2024/03/25 17:45,01F2603N,01F2514N,42,343,15
2024/03/25 17:45,01F2603N,01F2514N,5,380,12
2024/03/25 17:45,01F2472S,01F2514S,31,142,117
2024/03/25 17:45,01F2472S,01F2514S,32,143,52
2024/03/25 17:45,01F2472S,01F2514S,41,181,1
2024/03/25 17:45,01F2472S,01F2514S,42,175,16
2024/03/25 17:45,01F2472S,01F2514S,5,179,7
2024/03/25 17:45,01F2674N,01F2603N,31,239,88
2024/03/25 17:45,01F2674N,01F2603N,32,241,41
2024/03/25 17:45,01F2674N,01F2603N,41,272,5
2024/03/25 17:45,01F2674N,01F2603N,42,278,15
2024/03/25 17:45,01F2674N,01F2603N,5,314,14
2024/03/25 17:45,01F2514S,01F2603S,31,297,126
2024/03/25 17:45,01F2514S,01F2603S,32,294,47
2024/03/25 17:45,01F2514S,01F2603S,41,329,2
2024/03/25 17:45,01F2514S,01F2603S,42,350,11
2024/03/25 17:45,01F2514S,01F2603S,5,353,14
2024/03/25 17:45,01F2714N,01F2674N,31,134,129
2024/03/25 17:45,01F2714N,01F2674N,32,138,48
2024/03/25 17:45,01F2714N,01F2674N,41,140,3
2024/03/25 17:45,01F2714N,01F2674N,42,166,14
2024/03/25 17:45,01F2714N,01F2674N,5,168,14
2024/03/25 17:45,01F2603S,01F2674S,31,236,90
2024/03/25 17:45,01F2603S,01F2674S,32,240,40
2024/03/25 17:45,01F2603S,01F2674S,41,261,2
2024/03/25 17:45,01F2603S,01F2674S,42,271,11
2024/03/25 17:45,01F2603S,01F2674S,5,307,17
2024/03/25 17:45,01F2827N,01F2714N,31,371,104
2024/03/25 17:45,01F2827N,01F2714N,32,371,48
2024/03/25 17:45,01F2827N,01F2714N,41,0,0
2024/03/25 17:45,01F2827N,01F2714N,42,475,11
2024/03/25 17:45,01F2827N,01F2714N,5,498,10
2024/03/25 17:45,01F2674S,01F2714S,31,133,103
2024/03/25 17:45,01F2674S,01F2714S,32,138,31
2024/03/25 17:45,01F2674S,01F2714S,41,145,2
2024/03/25 17:45,01F2674S,01F2714S,42,153,23
2024/03/25 17:45,01F2674S,01F2714S,5,170,14
2024/03/25 17:45,01F2866N,01F2827N,31,128,122
2024/03/25 17:45,01F2866N,01F2827N,32,131,36
2024/03/25 17:45,01F2866N,01F2827N,41,142,4
2024/03/25 17:45,01F2866N,01F2827N,42,155,13
2024/03/25 17:45,01F2866N,01F2827N,5,160,10
2024/03/25 17:45,01F2714S,01F2827S,31,372,80
2024/03/25 17:45,01F2714S,01F2827S,32,378,49
2024/03/25 17:45,01F2714S,01F2827S,41,404,5
2024/03/25 17:45,01F2714S,01F2827S,42,426,10
2024/03/25 17:45,01F2714S,01F2827S,5,436,10
2024/03/25 17:45,01F2930N,01F2866N,31,210,102
2024/03/25 17:45,01F2930N,01F2866N,32,218,31
2024/03/25 17:45,01F2930N,01F2866N,41,228,4
2024/03/25 17:45,01F2930N,01F2866N,42,242,13
2024/03/25 17:45,01F2930N,01F2866N,5,272,18
2024/03/25 17:45,01F2827S,01F2866S,31,130,108
2024/03/25 17:45,01F2827S,01F2866S,32,134,46
2024/03/25 17:45,01F2827S,01F2866S,41,153,3
2024/03/25 17:45,01F2827S,01F2866S,42,151,13
2024/03/25 17:45,01F2827S,01F2866S,5,239,10
2024/03/25 17:45,01F3019N,01F2930N,31,302,154
2024/03/25 17:45,01F3019N,01F2930N,32,302,50
2024/03/25 17:45,01F3019N,01F2930N,41,0,0
2024/03/25 17:45,01F3019N,01F2930N,42,343,18
2024/03/25 17:45,01F3019N,01F2930N,5,357,7
2024/03/25 17:45,01F2866S,01F2930S,31,206,106
2024/03/25 17:45,01F2866S,01F2930S,32,208,35
2024/03/25 17:45,01F2866S,01F2930S,41,0,0
2024/03/25 17:45,01F2866S,01F2930S,42,265,9
2024/03/25 17:45,01F2866S,01F2930S,5,271,19
2024/03/25 17:45,01F3083N,01F3019N,31,232,156
2024/03/25 17:45,01F3083N,01F3019N,32,232,56
2024/03/25 17:45,01F3083N,01F3019N,41,248,4
2024/03/25 17:45,01F3083N,01F3019N,42,253,16
2024/03/25 17:45,01F3083N,01F3019N,5,275,25
2024/03/25 17:45,01F2930S,01F3019S,31,298,99
2024/03/25 17:45,01F2930S,01F3019S,32,298,45
2024/03/25 17:45,01F2930S,01F3019S,41,342,4
2024/03/25 17:45,01F2930S,01F3019S,42,349,7
2024/03/25 17:45,01F2930S,01F3019S,5,332,13
2024/03/25 17:45,01F3126N,01F3083N,31,150,153
2024/03/25 17:45,01F3126N,01F3083N,32,150,56
2024/03/25 17:45,01F3126N,01F3083N,41,164,2
2024/03/25 17:45,01F3126N,01F3083N,42,173,16
2024/03/25 17:45,01F3126N,01F3083N,5,175,10
2024/03/25 17:45,01F3019S,01F3083S,31,221,131
2024/03/25 17:45,01F3019S,01F3083S,32,222,50
2024/03/25 17:45,01F3019S,01F3083S,41,242,3
2024/03/25 17:45,01F3019S,01F3083S,42,273,10
2024/03/25 17:45,01F3019S,01F3083S,5,273,13
2024/03/25 17:45,01F3185N,01F3126N,31,203,136
2024/03/25 17:45,01F3185N,01F3126N,32,203,57
2024/03/25 17:45,01F3185N,01F3126N,41,246,1
2024/03/25 17:45,01F3185N,01F3126N,42,238,7
2024/03/25 17:45,01F3185N,01F3126N,5,250,16
2024/03/25 17:45,03F3445S,01F3126N,31,0,0
2024/03/25 17:45,03F3445S,01F3126N,32,0,0
2024/03/25 17:45,03F3445S,01F3126N,41,0,0
2024/03/25 17:45,03F3445S,01F3126N,42,0,0
2024/03/25 17:45,03F3445S,01F3126N,5,0,0
2024/03/25 17:45,03F3496N,01F3126N,31,804,5
2024/03/25 17:45,03F3496N,01F3126N,32,776,2
2024/03/25 17:45,03F3496N,01F3126N,41,0,0
2024/03/25 17:45,03F3496N,01F3126N,42,0,0
2024/03/25 17:45,03F3496N,01F3126N,5,2155,2
2024/03/25 17:45,01F3083S,01F3126S,31,148,170
2024/03/25 17:45,01F3083S,01F3126S,32,151,64
2024/03/25 17:45,01F3083S,01F3126S,41,167,5
2024/03/25 17:45,01F3083S,01F3126S,42,172,10
2024/03/25 17:45,01F3083S,01F3126S,5,178,23
2024/03/25 17:45,01F3227N,01F3185N,31,154,167
2024/03/25 17:45,01F3227N,01F3185N,32,155,66
2024/03/25 17:45,01F3227N,01F3185N,41,153,1
2024/03/25 17:45,01F3227N,01F3185N,42,172,12
2024/03/25 17:45,01F3227N,01F3185N,5,182,20
2024/03/25 17:45,01F3126S,01F3185S,31,352,202
2024/03/25 17:45,01F3126S,01F3185S,32,345,60
2024/03/25 17:45,01F3126S,01F3185S,41,324,10
2024/03/25 17:45,01F3126S,01F3185S,42,350,10
2024/03/25 17:45,01F3126S,01F3185S,5,362,16
2024/03/25 17:45,03F3445S,01F3185S,31,1245,9
2024/03/25 17:45,03F3445S,01F3185S,32,1168,2
2024/03/25 17:45,03F3445S,01F3185S,41,0,0
2024/03/25 17:45,03F3445S,01F3185S,42,1311,2
2024/03/25 17:45,03F3445S,01F3185S,5,0,0
2024/03/25 17:45,03F3496N,01F3185S,31,1303,1
2024/03/25 17:45,03F3496N,01F3185S,32,0,0
2024/03/25 17:45,03F3496N,01F3185S,41,0,0
2024/03/25 17:45,03F3496N,01F3185S,42,0,0
2024/03/25 17:45,03F3496N,01F3185S,5,0,0
2024/03/25 17:45,01F3252N,01F3227N,31,94,168
2024/03/25 17:45,01F3252N,01F3227N,32,94,56
2024/03/25 17:45,01F3252N,01F3227N,41,116,2
2024/03/25 17:45,01F3252N,01F3227N,42,103,19
2024/03/25 17:45,01F3252N,01F3227N,5,115,12
2024/03/25 17:45,01F3185S,01F3227S,31,174,212
2024/03/25 17:45,01F3185S,01F3227S,32,176,80
2024/03/25 17:45,01F3185S,01F3227S,41,176,3
2024/03/25 17:45,01F3185S,01F3227S,42,193,8
2024/03/25 17:45,01F3185S,01F3227S,5,193,18
2024/03/25 17:45,01F3286N,01F3252N,31,121,153
2024/03/25 17:45,01F3286N,01F3252N,32,121,44
2024/03/25 17:45,01F3286N,01F3252N,41,141,2
2024/03/25 17:45,01F3286N,01F3252N,42,135,13
2024/03/25 17:45,01F3286N,01F3252N,5,163,10
2024/03/25 17:45,01F3227S,01F3252S,31,91,203
2024/03/25 17:45,01F3227S,01F3252S,32,92,62
2024/03/25 17:45,01F3227S,01F3252S,41,93,4
2024/03/25 17:45,01F3227S,01F3252S,42,103,13
2024/03/25 17:45,01F3227S,01F3252S,5,110,17
2024/03/25 17:45,01F3366N,01F3286N,31,313,176
2024/03/25 17:45,01F3366N,01F3286N,32,310,61
2024/03/25 17:45,01F3366N,01F3286N,41,324,4
2024/03/25 17:45,01F3366N,01F3286N,42,338,8
2024/03/25 17:45,01F3366N,01F3286N,5,352,17
2024/03/25 17:45,01F3252S,01F3286S,31,122,160
2024/03/25 17:45,01F3252S,01F3286S,32,124,47
2024/03/25 17:45,01F3252S,01F3286S,41,128,6
2024/03/25 17:45,01F3252S,01F3286S,42,136,11
2024/03/25 17:45,01F3252S,01F3286S,5,144,20
2024/03/25 17:45,01F3398N,01F3366N,31,123,229
2024/03/25 17:45,01F3398N,01F3366N,32,122,72
2024/03/25 17:45,01F3398N,01F3366N,41,146,1
2024/03/25 17:45,01F3398N,01F3366N,42,137,11
2024/03/25 17:45,01F3398N,01F3366N,5,142,14
2024/03/25 17:45,01F3286S,01F3366S,31,300,118
2024/03/25 17:45,01F3286S,01F3366S,32,298,55
2024/03/25 17:45,01F3286S,01F3366S,41,317,2
2024/03/25 17:45,01F3286S,01F3366S,42,325,14
2024/03/25 17:45,01F3286S,01F3366S,5,333,15
2024/03/25 17:45,01F3460N,01F3398N,31,429,192
2024/03/25 17:45,01F3460N,01F3398N,32,428,82
2024/03/25 17:45,01F3460N,01F3398N,41,400,2
2024/03/25 17:45,01F3460N,01F3398N,42,398,5
2024/03/25 17:45,01F3460N,01F3398N,5,433,19
2024/03/25 17:45,01F3366S,01F3398S,31,115,169
2024/03/25 17:45,01F3366S,01F3398S,32,117,73
2024/03/25 17:45,01F3366S,01F3398S,41,0,0
2024/03/25 17:45,01F3366S,01F3398S,42,128,5
2024/03/25 17:45,01F3366S,01F3398S,5,130,20
2024/03/25 17:45,01F3535N,01F3460N,31,294,181
2024/03/25 17:45,01F3535N,01F3460N,32,296,77
2024/03/25 17:45,01F3535N,01F3460N,41,314,2
2024/03/25 17:45,01F3535N,01F3460N,42,329,13
2024/03/25 17:45,01F3535N,01F3460N,5,329,31
2024/03/25 17:45,01F3398S,01F3460S,31,553,184
2024/03/25 17:45,01F3398S,01F3460S,32,550,72
2024/03/25 17:45,01F3398S,01F3460S,41,565,5
2024/03/25 17:45,01F3398S,01F3460S,42,545,14
2024/03/25 17:45,01F3398S,01F3460S,5,551,21
2024/03/25 17:45,01F3559N,01F3535N,31,92,157
2024/03/25 17:45,01F3559N,01F3535N,32,94,78
2024/03/25 17:45,01F3559N,01F3535N,41,100,2
2024/03/25 17:45,01F3559N,01F3535N,42,98,8
2024/03/25 17:45,01F3559N,01F3535N,5,106,20
2024/03/25 17:45,01F3460S,01F3535S,31,319,245
2024/03/25 17:45,01F3460S,01F3535S,32,317,87
2024/03/25 17:45,01F3460S,01F3535S,41,346,3
2024/03/25 17:45,01F3460S,01F3535S,42,369,10
2024/03/25 17:45,01F3460S,01F3535S,5,372,15
2024/03/25 17:45,01F3590N,01F3559N,31,149,192
2024/03/25 17:45,01F3590N,01F3559N,32,148,75
2024/03/25 17:45,01F3590N,01F3559N,41,151,2
2024/03/25 17:45,01F3590N,01F3559N,42,153,10
2024/03/25 17:45,01F3590N,01F3559N,5,160,18
2024/03/25 17:45,01F3535S,01F3561S,31,130,251
2024/03/25 17:45,01F3535S,01F3561S,32,131,82
2024/03/25 17:45,01F3535S,01F3561S,41,134,2
2024/03/25 17:45,01F3535S,01F3561S,42,135,10
2024/03/25 17:45,01F3535S,01F3561S,5,133,11
2024/03/25 17:45,01F3640N,01F3590N,31,196,193
2024/03/25 17:45,01F3640N,01F3590N,32,199,66
2024/03/25 17:45,01F3640N,01F3590N,41,192,7
2024/03/25 17:45,01F3640N,01F3590N,42,213,8
2024/03/25 17:45,01F3640N,01F3590N,5,208,21
2024/03/25 17:45,03F3743S,01F3590N,31,0,0
2024/03/25 17:45,03F3743S,01F3590N,32,0,0
2024/03/25 17:45,03F3743S,01F3590N,41,0,0
2024/03/25 17:45,03F3743S,01F3590N,42,0,0
2024/03/25 17:45,03F3743S,01F3590N,5,0,0
2024/03/25 17:45,03F3854N,01F3590N,31,0,0
2024/03/25 17:45,03F3854N,01F3590N,32,0,0
2024/03/25 17:45,03F3854N,01F3590N,41,0,0
2024/03/25 17:45,03F3854N,01F3590N,42,0,0
2024/03/25 17:45,03F3854N,01F3590N,5,0,0
2024/03/25 17:45,01F3561S,01F3590S,31,288,182
2024/03/25 17:45,01F3561S,01F3590S,32,298,59
2024/03/25 17:45,01F3561S,01F3590S,41,302,2
2024/03/25 17:45,01F3561S,01F3590S,42,270,5
2024/03/25 17:45,01F3561S,01F3590S,5,295,14
2024/03/25 17:45,01F3676N,01F3640N,31,135,188
2024/03/25 17:45,01F3676N,01F3640N,32,139,72
2024/03/25 17:45,01F3676N,01F3640N,41,154,1
2024/03/25 17:45,01F3676N,01F3640N,42,166,10
2024/03/25 17:45,01F3676N,01F3640N,5,151,31
2024/03/25 17:45,01F3590S,01F3640S,31,769,156
2024/03/25 17:45,01F3590S,01F3640S,32,767,49
2024/03/25 17:45,01F3590S,01F3640S,41,817,1
2024/03/25 17:45,01F3590S,01F3640S,42,777,6
2024/03/25 17:45,01F3590S,01F3640S,5,839,13
2024/03/25 17:45,03F3743S,01F3640S,31,1782,11
2024/03/25 17:45,03F3743S,01F3640S,32,1977,7
2024/03/25 17:45,03F3743S,01F3640S,41,0,0
2024/03/25 17:45,03F3743S,01F3640S,42,0,0
2024/03/25 17:45,03F3743S,01F3640S,5,0,0
2024/03/25 17:45,03F3854N,01F3640S,31,1933,8
2024/03/25 17:45,03F3854N,01F3640S,32,1230,2
2024/03/25 17:45,03F3854N,01F3640S,41,0,0
2024/03/25 17:45,03F3854N,01F3640S,42,0,0
2024/03/25 17:45,03F3854N,01F3640S,5,0,0
2024/03/25 17:45,01F3696N,01F3676N,31,81,206
2024/03/25 17:45,01F3696N,01F3676N,32,81,70
2024/03/25 17:45,01F3696N,01F3676N,41,0,0
2024/03/25 17:45,01F3696N,01F3676N,42,89,12
2024/03/25 17:45,01F3696N,01F3676N,5,89,16
2024/03/25 17:45,01F3640S,01F3676S,31,282,149
2024/03/25 17:45,01F3640S,01F3676S,32,279,58
2024/03/25 17:45,01F3640S,01F3676S,41,221,4
2024/03/25 17:45,01F3640S,01F3676S,42,301,8
2024/03/25 17:45,01F3640S,01F3676S,5,302,12
2024/03/25 17:45,01F3676S,01F3686S,31,38,188
2024/03/25 17:45,01F3676S,01F3686S,32,38,65
2024/03/25 17:45,01F3676S,01F3686S,41,39,2
2024/03/25 17:45,01F3676S,01F3686S,42,48,4
2024/03/25 17:45,01F3676S,01F3686S,5,42,23
2024/03/25 17:45,01F3736N,01F3696N,31,166,43
2024/03/25 17:45,01F3736N,01F3696N,32,161,16
2024/03/25 17:45,01F3736N,01F3696N,41,186,1
2024/03/25 17:45,01F3736N,01F3696N,42,184,2
2024/03/25 17:45,01F3736N,01F3696N,5,185,7
2024/03/25 17:45,01F3686S,01F3736S,31,195,4
2024/03/25 17:45,01F3686S,01F3736S,32,196,2
2024/03/25 17:45,01F3686S,01F3736S,41,0,0
2024/03/25 17:45,01F3686S,01F3736S,42,0,0
2024/03/25 17:45,01F3686S,01F3736S,5,219,5
2024/03/25 17:45,01F0099S,01H0163S,31,258,56
2024/03/25 17:45,01F0099S,01H0163S,32,258,15
2024/03/25 17:45,01F0099S,01H0163S,41,0,0
2024/03/25 17:45,01F0099S,01H0163S,42,0,0
2024/03/25 17:45,01F0099S,01H0163S,5,0,0
2024/03/25 17:45,03F0087S,01H0163S,31,273,14
2024/03/25 17:45,03F0087S,01H0163S,32,0,0
2024/03/25 17:45,03F0087S,01H0163S,41,0,0
2024/03/25 17:45,03F0087S,01H0163S,42,0,0
2024/03/25 17:45,03F0087S,01H0163S,5,0,0
2024/03/25 17:45,03F0116N,01H0163S,31,276,38
2024/03/25 17:45,03F0116N,01H0163S,32,285,7
2024/03/25 17:45,03F0116N,01H0163S,41,299,2
2024/03/25 17:45,03F0116N,01H0163S,42,0,0
2024/03/25 17:45,03F0116N,01H0163S,5,0,0
2024/03/25 17:45,01H0200N,01H0174N,31,94,39
2024/03/25 17:45,01H0200N,01H0174N,32,94,11
2024/03/25 17:45,01H0200N,01H0174N,41,0,0
2024/03/25 17:45,01H0200N,01H0174N,42,0,0
2024/03/25 17:45,01H0200N,01H0174N,5,0,0
2024/03/25 17:45,01H0208N,01H0200N,31,26,53
2024/03/25 17:45,01H0208N,01H0200N,32,26,16
2024/03/25 17:45,01H0208N,01H0200N,41,29,2
2024/03/25 17:45,01H0208N,01H0200N,42,0,0
2024/03/25 17:45,01H0208N,01H0200N,5,0,0
2024/03/25 17:45,01H0163S,01H0206S,31,410,81
2024/03/25 17:45,01H0163S,01H0206S,32,433,32
2024/03/25 17:45,01H0163S,01H0206S,41,401,4
2024/03/25 17:45,01H0163S,01H0206S,42,453,2
2024/03/25 17:45,01H0163S,01H0206S,5,0,0
2024/03/25 17:45,01H0271N,01H0208N,31,213,58
2024/03/25 17:45,01H0271N,01H0208N,32,206,19
2024/03/25 17:45,01H0271N,01H0208N,41,267,1
2024/03/25 17:45,01H0271N,01H0208N,42,0,0
2024/03/25 17:45,01H0271N,01H0208N,5,0,0
2024/03/25 17:45,01F0340N,01H0271N,31,1680,19
2024/03/25 17:45,01F0340N,01H0271N,32,1665,11
2024/03/25 17:45,01F0340N,01H0271N,41,1727,2
2024/03/25 17:45,01F0340N,01H0271N,42,0,0
2024/03/25 17:45,01F0340N,01H0271N,5,0,0
2024/03/25 17:45,01H0333N,01H0271N,31,1680,33
2024/03/25 17:45,01H0333N,01H0271N,32,1644,12
2024/03/25 17:45,01H0333N,01H0271N,41,1661,1
2024/03/25 17:45,01H0333N,01H0271N,42,0,0
2024/03/25 17:45,01H0333N,01H0271N,5,0,0
2024/03/25 17:45,01H0206S,01H0305S,31,478,152
2024/03/25 17:45,01H0206S,01H0305S,32,493,51
2024/03/25 17:45,01H0206S,01H0305S,41,546,1
2024/03/25 17:45,01H0206S,01H0305S,42,0,0
2024/03/25 17:45,01H0206S,01H0305S,5,0,0
2024/03/25 17:45,01H0447N,01H0333N,31,654,81
2024/03/25 17:45,01H0447N,01H0333N,32,660,22
2024/03/25 17:45,01H0447N,01H0333N,41,762,2
2024/03/25 17:45,01H0447N,01H0333N,42,0,0
2024/03/25 17:45,01H0447N,01H0333N,5,0,0
2024/03/25 17:45,01H0305S,01H0334S,31,122,67
2024/03/25 17:45,01H0305S,01H0334S,32,119,23
2024/03/25 17:45,01H0305S,01H0334S,41,0,0
2024/03/25 17:45,01H0305S,01H0334S,42,0,0
2024/03/25 17:45,01H0305S,01H0334S,5,0,0
2024/03/25 17:45,01H0579N,01H0447N,31,507,171
2024/03/25 17:45,01H0579N,01H0447N,32,506,55
2024/03/25 17:45,01H0579N,01H0447N,41,518,3
2024/03/25 17:45,01H0579N,01H0447N,42,488,1
2024/03/25 17:45,01H0579N,01H0447N,5,0,0
2024/03/25 17:45,01F0339S,01H0447S,31,444,122
2024/03/25 17:45,01F0339S,01H0447S,32,450,27
2024/03/25 17:45,01F0339S,01H0447S,41,487,1
2024/03/25 17:45,01F0339S,01H0447S,42,0,0
2024/03/25 17:45,01F0339S,01H0447S,5,0,0
2024/03/25 17:45,01H0334S,01H0447S,31,425,87
2024/03/25 17:45,01H0334S,01H0447S,32,439,24
2024/03/25 17:45,01H0334S,01H0447S,41,0,0
2024/03/25 17:45,01H0334S,01H0447S,42,0,0
2024/03/25 17:45,01H0334S,01H0447S,5,0,0
2024/03/25 17:45,01F0633N,01H0579N,31,277,40
2024/03/25 17:45,01F0633N,01H0579N,32,275,13
2024/03/25 17:45,01F0633N,01H0579N,41,0,0
2024/03/25 17:45,01F0633N,01H0579N,42,0,0
2024/03/25 17:45,01F0633N,01H0579N,5,0,0
2024/03/25 17:45,01H0608N,01H0579N,31,139,103
2024/03/25 17:45,01H0608N,01H0579N,32,133,32
2024/03/25 17:45,01H0608N,01H0579N,41,130,6
2024/03/25 17:45,01H0608N,01H0579N,42,134,1
2024/03/25 17:45,01H0608N,01H0579N,5,0,0
2024/03/25 17:45,01H0447S,01H0579S,31,518,126
2024/03/25 17:45,01H0447S,01H0579S,32,526,36
2024/03/25 17:45,01H0447S,01H0579S,41,526,6
2024/03/25 17:45,01H0447S,01H0579S,42,0,0
2024/03/25 17:45,01H0447S,01H0579S,5,0,0
2024/03/25 17:45,01F0750N,01H0608N,31,685,143
2024/03/25 17:45,01F0750N,01H0608N,32,683,51
2024/03/25 17:45,01F0750N,01H0608N,41,692,5
2024/03/25 17:45,01F0750N,01H0608N,42,673,1
2024/03/25 17:45,01F0750N,01H0608N,5,0,0
2024/03/25 17:45,01F0578S,01H0610S,31,248,67
2024/03/25 17:45,01F0578S,01H0610S,32,229,17
2024/03/25 17:45,01F0578S,01H0610S,41,220,2
2024/03/25 17:45,01F0578S,01H0610S,42,0,0
2024/03/25 17:45,01F0578S,01H0610S,5,0,0
2024/03/25 17:45,01H0579S,01H0610S,31,151,71
2024/03/25 17:45,01H0579S,01H0610S,32,147,9
2024/03/25 17:45,01H0579S,01H0610S,41,153,8
2024/03/25 17:45,01H0579S,01H0610S,42,0,0
2024/03/25 17:45,01H0579S,01H0610S,5,142,1
2024/03/25 17:45,03A0041N,03A0015N,31,122,81
2024/03/25 17:45,03A0041N,03A0015N,32,120,19
2024/03/25 17:45,03A0041N,03A0015N,41,118,2
2024/03/25 17:45,03A0041N,03A0015N,42,0,0
2024/03/25 17:45,03A0041N,03A0015N,5,0,0
2024/03/25 17:45,03F0201S,03A0041N,31,86,85
2024/03/25 17:45,03F0201S,03A0041N,32,84,25
2024/03/25 17:45,03F0201S,03A0041N,41,86,7
2024/03/25 17:45,03F0201S,03A0041N,42,88,2
2024/03/25 17:45,03F0201S,03A0041N,5,0,0
2024/03/25 17:45,03F0217N,03A0041N,31,118,46
2024/03/25 17:45,03F0217N,03A0041N,32,124,7
2024/03/25 17:45,03F0217N,03A0041N,41,124,1
2024/03/25 17:45,03F0217N,03A0041N,42,0,0
2024/03/25 17:45,03F0217N,03A0041N,5,0,0
2024/03/25 17:45,03A0015S,03A0041S,31,121,65
2024/03/25 17:45,03A0015S,03A0041S,32,121,15
2024/03/25 17:45,03A0015S,03A0041S,41,139,2
2024/03/25 17:45,03A0015S,03A0041S,42,138,3
2024/03/25 17:45,03A0015S,03A0041S,5,0,0
2024/03/25 17:45,03F0054N,03F0021N,31,131,93
2024/03/25 17:45,03F0054N,03F0021N,32,130,31
2024/03/25 17:45,03F0054N,03F0021N,41,160,1
2024/03/25 17:45,03F0054N,03F0021N,42,145,1
2024/03/25 17:45,03F0054N,03F0021N,5,145,5
2024/03/25 17:45,01F0099S,03F0054N,31,2731,3
2024/03/25 17:45,01F0099S,03F0054N,32,0,0
2024/03/25 17:45,01F0099S,03F0054N,41,0,0
2024/03/25 17:45,01F0099S,03F0054N,42,0,0
2024/03/25 17:45,01F0099S,03F0054N,5,0,0
2024/03/25 17:45,01F0147N,03F0054N,31,348,39
2024/03/25 17:45,01F0147N,03F0054N,32,351,6
2024/03/25 17:45,01F0147N,03F0054N,41,0,0
2024/03/25 17:45,01F0147N,03F0054N,42,378,1
2024/03/25 17:45,01F0147N,03F0054N,5,0,0
2024/03/25 17:45,01H0174N,03F0054N,31,443,26
2024/03/25 17:45,01H0174N,03F0054N,32,449,8
2024/03/25 17:45,01H0174N,03F0054N,41,0,0
2024/03/25 17:45,01H0174N,03F0054N,42,0,0
2024/03/25 17:45,01H0174N,03F0054N,5,0,0
2024/03/25 17:45,03F0116N,03F0054N,31,234,69
2024/03/25 17:45,03F0116N,03F0054N,32,234,14
2024/03/25 17:45,03F0116N,03F0054N,41,0,0
2024/03/25 17:45,03F0116N,03F0054N,42,0,0
2024/03/25 17:45,03F0116N,03F0054N,5,242,4
2024/03/25 17:45,03F0006S,03F0087S,31,311,36
2024/03/25 17:45,03F0006S,03F0087S,32,315,16
2024/03/25 17:45,03F0006S,03F0087S,41,332,1
2024/03/25 17:45,03F0006S,03F0087S,42,348,2
2024/03/25 17:45,03F0006S,03F0087S,5,404,6
2024/03/25 17:45,03F0140N,03F0116N,31,102,150
2024/03/25 17:45,03F0140N,03F0116N,32,106,50
2024/03/25 17:45,03F0140N,03F0116N,41,1488,2
2024/03/25 17:45,03F0140N,03F0116N,42,119,2
2024/03/25 17:45,03F0140N,03F0116N,5,120,2
2024/03/25 17:45,01F0099S,03F0116S,31,135,55
2024/03/25 17:45,01F0099S,03F0116S,32,133,10
2024/03/25 17:45,01F0099S,03F0116S,41,0,0
2024/03/25 17:45,01F0099S,03F0116S,42,141,2
2024/03/25 17:45,01F0099S,03F0116S,5,0,0
2024/03/25 17:45,01F0147N,03F0116S,31,166,28
2024/03/25 17:45,01F0147N,03F0116S,32,172,8
2024/03/25 17:45,01F0147N,03F0116S,41,0,0
2024/03/25 17:45,01F0147N,03F0116S,42,2884,1
2024/03/25 17:45,01F0147N,03F0116S,5,168,1
2024/03/25 17:45,01H0174N,03F0116S,31,266,20
2024/03/25 17:45,01H0174N,03F0116S,32,255,9
2024/03/25 17:45,01H0174N,03F0116S,41,0,0
2024/03/25 17:45,01H0174N,03F0116S,42,0,0
2024/03/25 17:45,01H0174N,03F0116S,5,0,0
2024/03/25 17:45,03F0087S,03F0116S,31,113,20
2024/03/25 17:45,03F0087S,03F0116S,32,113,9
2024/03/25 17:45,03F0087S,03F0116S,41,120,1
2024/03/25 17:45,03F0087S,03F0116S,42,85,1
2024/03/25 17:45,03F0087S,03F0116S,5,128,6
2024/03/25 17:45,03F0116S,03F0136S,31,78,94
2024/03/25 17:45,03F0116S,03F0136S,32,76,39
2024/03/25 17:45,03F0116S,03F0136S,41,0,0
2024/03/25 17:45,03F0116S,03F0136S,42,83,3
2024/03/25 17:45,03F0116S,03F0136S,5,96,1
2024/03/25 17:45,03F0150N,03F0140N,31,39,195
2024/03/25 17:45,03F0150N,03F0140N,32,38,76
2024/03/25 17:45,03F0150N,03F0140N,41,39,4
2024/03/25 17:45,03F0150N,03F0140N,42,43,7
2024/03/25 17:45,03F0150N,03F0140N,5,44,2
2024/03/25 17:45,03F0201N,03F0150N,31,241,189
2024/03/25 17:45,03F0201N,03F0150N,32,244,73
2024/03/25 17:45,03F0201N,03F0150N,41,233,6
2024/03/25 17:45,03F0201N,03F0150N,42,260,7
2024/03/25 17:45,03F0201N,03F0150N,5,273,1
2024/03/25 17:45,05F0001N,03F0150N,31,53,83
2024/03/25 17:45,05F0001N,03F0150N,32,53,27
2024/03/25 17:45,05F0001N,03F0150N,41,54,1
2024/03/25 17:45,05F0001N,03F0150N,42,0,0
2024/03/25 17:45,05F0001N,03F0150N,5,0,0
2024/03/25 17:45,03F0136S,03F0158S,31,90,185
2024/03/25 17:45,03F0136S,03F0158S,32,91,59
2024/03/25 17:45,03F0136S,03F0158S,41,103,2
2024/03/25 17:45,03F0136S,03F0158S,42,96,2
2024/03/25 17:45,03F0136S,03F0158S,5,0,0
2024/03/25 17:45,03A0041S,03F0201N,31,185,61
2024/03/25 17:45,03A0041S,03F0201N,32,184,19
2024/03/25 17:45,03A0041S,03F0201N,41,192,4
2024/03/25 17:45,03A0041S,03F0201N,42,188,3
2024/03/25 17:45,03A0041S,03F0201N,5,157,1
2024/03/25 17:45,03F0217N,03F0201N,31,61,131
2024/03/25 17:45,03F0217N,03F0201N,32,61,50
2024/03/25 17:45,03F0217N,03F0201N,41,65,4
2024/03/25 17:45,03F0217N,03F0201N,42,66,3
2024/03/25 17:45,03F0217N,03F0201N,5,62,4
2024/03/25 17:45,03F0158S,03F0201S,31,293,217
2024/03/25 17:45,03F0158S,03F0201S,32,296,63
2024/03/25 17:45,03F0158S,03F0201S,41,308,5
2024/03/25 17:45,03F0158S,03F0201S,42,306,5
2024/03/25 17:45,03F0158S,03F0201S,5,301,1
2024/03/25 17:45,05F0001N,03F0201S,31,300,67
2024/03/25 17:45,05F0001N,03F0201S,32,305,13
2024/03/25 17:45,05F0001N,03F0201S,41,303,8
2024/03/25 17:45,05F0001N,03F0201S,42,0,0
2024/03/25 17:45,05F0001N,03F0201S,5,0,0
2024/03/25 17:45,03F0301N,03F0217N,31,354,154
2024/03/25 17:45,03F0301N,03F0217N,32,348,49
2024/03/25 17:45,03F0301N,03F0217N,41,367,5
2024/03/25 17:45,03F0301N,03F0217N,42,375,4
2024/03/25 17:45,03F0301N,03F0217N,5,366,3
2024/03/25 17:45,03A0041S,03F0217S,31,118,44
2024/03/25 17:45,03A0041S,03F0217S,32,115,8
2024/03/25 17:45,03A0041S,03F0217S,41,0,0
2024/03/25 17:45,03A0041S,03F0217S,42,106,1
2024/03/25 17:45,03A0041S,03F0217S,5,0,0
2024/03/25 17:45,03F0201S,03F0217S,31,107,181
2024/03/25 17:45,03F0201S,03F0217S,32,109,46
2024/03/25 17:45,03F0201S,03F0217S,41,104,3
2024/03/25 17:45,03F0201S,03F0217S,42,101,1
2024/03/25 17:45,03F0201S,03F0217S,5,0,0
2024/03/25 17:45,03F0338N,03F0301N,31,145,144
2024/03/25 17:45,03F0338N,03F0301N,32,146,53
2024/03/25 17:45,03F0338N,03F0301N,41,0,0
2024/03/25 17:45,03F0338N,03F0301N,42,171,5
2024/03/25 17:45,03F0338N,03F0301N,5,163,4
2024/03/25 17:45,03F0217S,03F0301S,31,434,178
2024/03/25 17:45,03F0217S,03F0301S,32,434,53
2024/03/25 17:45,03F0217S,03F0301S,41,408,1
2024/03/25 17:45,03F0217S,03F0301S,42,435,3
2024/03/25 17:45,03F0217S,03F0301S,5,0,0
2024/03/25 17:45,03F0301S,03F0337S,31,604,170
2024/03/25 17:45,03F0301S,03F0337S,32,602,47
2024/03/25 17:45,03F0301S,03F0337S,41,480,1
2024/03/25 17:45,03F0301S,03F0337S,42,1085,2
2024/03/25 17:45,03F0301S,03F0337S,5,486,2
2024/03/25 17:45,03F0394N,03F0338N,31,357,185
2024/03/25 17:45,03F0394N,03F0338N,32,358,60
2024/03/25 17:45,03F0394N,03F0338N,41,327,1
2024/03/25 17:45,03F0394N,03F0338N,42,347,6
2024/03/25 17:45,03F0394N,03F0338N,5,356,4
2024/03/25 17:45,03F0447N,03F0394N,31,209,247
2024/03/25 17:45,03F0447N,03F0394N,32,215,71
2024/03/25 17:45,03F0447N,03F0394N,41,222,20
2024/03/25 17:45,03F0447N,03F0394N,42,229,2
2024/03/25 17:45,03F0447N,03F0394N,5,224,2
2024/03/25 17:45,03F0337S,03F0394S,31,276,198
2024/03/25 17:45,03F0337S,03F0394S,32,270,61
2024/03/25 17:45,03F0337S,03F0394S,41,272,3
2024/03/25 17:45,03F0337S,03F0394S,42,285,6
2024/03/25 17:45,03F0337S,03F0394S,5,300,2
2024/03/25 17:45,03F0498N,03F0447N,31,249,334
2024/03/25 17:45,03F0498N,03F0447N,32,250,106
2024/03/25 17:45,03F0498N,03F0447N,41,255,19
2024/03/25 17:45,03F0498N,03F0447N,42,278,11
2024/03/25 17:45,03F0498N,03F0447N,5,258,5
2024/03/25 17:45,03F0394S,03F0447S,31,360,221
2024/03/25 17:45,03F0394S,03F0447S,32,360,81
2024/03/25 17:45,03F0394S,03F0447S,41,346,5
2024/03/25 17:45,03F0394S,03F0447S,42,352,4
2024/03/25 17:45,03F0394S,03F0447S,5,356,3
2024/03/25 17:45,03F0525N,03F0498N,31,115,318
2024/03/25 17:45,03F0525N,03F0498N,32,115,104
2024/03/25 17:45,03F0525N,03F0498N,41,118,18
2024/03/25 17:45,03F0525N,03F0498N,42,123,7
2024/03/25 17:45,03F0525N,03F0498N,5,124,2
2024/03/25 17:45,03F0447S,03F0498S,31,230,259
2024/03/25 17:45,03F0447S,03F0498S,32,232,97
2024/03/25 17:45,03F0447S,03F0498S,41,252,3
2024/03/25 17:45,03F0447S,03F0498S,42,249,9
2024/03/25 17:45,03F0447S,03F0498S,5,266,6
2024/03/25 17:45,01F0511S,03F0525N,31,1918,8
2024/03/25 17:45,01F0511S,03F0525N,32,1915,4
2024/03/25 17:45,01F0511S,03F0525N,41,0,0
2024/03/25 17:45,01F0511S,03F0525N,42,0,0
2024/03/25 17:45,01F0511S,03F0525N,5,0,0
2024/03/25 17:45,01F0532N,03F0525N,31,1664,14
2024/03/25 17:45,01F0532N,03F0525N,32,1662,9
2024/03/25 17:45,01F0532N,03F0525N,41,1714,2
2024/03/25 17:45,01F0532N,03F0525N,42,0,0
2024/03/25 17:45,01F0532N,03F0525N,5,1670,1
2024/03/25 17:45,03F0559N,03F0525N,31,300,229
2024/03/25 17:45,03F0559N,03F0525N,32,299,85
2024/03/25 17:45,03F0559N,03F0525N,41,305,3
2024/03/25 17:45,03F0559N,03F0525N,42,302,2
2024/03/25 17:45,03F0559N,03F0525N,5,1487,1
2024/03/25 17:45,03F0498S,03F0525S,31,101,249
2024/03/25 17:45,03F0498S,03F0525S,32,103,84
2024/03/25 17:45,03F0498S,03F0525S,41,115,2
2024/03/25 17:45,03F0498S,03F0525S,42,106,5
2024/03/25 17:45,03F0498S,03F0525S,5,112,2
2024/03/25 17:45,03F0648N,03F0559N,31,838,249
2024/03/25 17:45,03F0648N,03F0559N,32,837,88
2024/03/25 17:45,03F0648N,03F0559N,41,856,2
2024/03/25 17:45,03F0648N,03F0559N,42,832,4
2024/03/25 17:45,03F0648N,03F0559N,5,864,5
2024/03/25 17:45,01F0511S,03F0559S,31,1655,6
2024/03/25 17:45,01F0511S,03F0559S,32,1687,6
2024/03/25 17:45,01F0511S,03F0559S,41,0,0
2024/03/25 17:45,01F0511S,03F0559S,42,0,0
2024/03/25 17:45,01F0511S,03F0559S,5,0,0
2024/03/25 17:45,01F0532N,03F0559S,31,1477,3
2024/03/25 17:45,01F0532N,03F0559S,32,1394,1
2024/03/25 17:45,01F0532N,03F0559S,41,0,0
2024/03/25 17:45,01F0532N,03F0559S,42,0,0
2024/03/25 17:45,01F0532N,03F0559S,5,0,0
2024/03/25 17:45,03F0525S,03F0559S,31,122,158
2024/03/25 17:45,03F0525S,03F0559S,32,126,57
2024/03/25 17:45,03F0525S,03F0559S,41,136,1
2024/03/25 17:45,03F0525S,03F0559S,42,138,4
2024/03/25 17:45,03F0525S,03F0559S,5,144,4
2024/03/25 17:45,03F0698N,03F0648N,31,225,258
2024/03/25 17:45,03F0698N,03F0648N,32,228,75
2024/03/25 17:45,03F0698N,03F0648N,41,244,6
2024/03/25 17:45,03F0698N,03F0648N,42,247,12
2024/03/25 17:45,03F0698N,03F0648N,5,252,3
2024/03/25 17:45,03F0559S,03F0648S,31,323,160
2024/03/25 17:45,03F0559S,03F0648S,32,333,37
2024/03/25 17:45,03F0559S,03F0648S,41,360,2
2024/03/25 17:45,03F0559S,03F0648S,42,383,9
2024/03/25 17:45,03F0559S,03F0648S,5,363,7
2024/03/25 17:45,03F0746N,03F0698N,31,171,213
2024/03/25 17:45,03F0746N,03F0698N,32,172,68
2024/03/25 17:45,03F0746N,03F0698N,41,181,3
2024/03/25 17:45,03F0746N,03F0698N,42,181,9
2024/03/25 17:45,03F0746N,03F0698N,5,190,1
2024/03/25 17:45,03F0648S,03F0698S,31,177,117
2024/03/25 17:45,03F0648S,03F0698S,32,179,33
2024/03/25 17:45,03F0648S,03F0698S,41,183,3
2024/03/25 17:45,03F0648S,03F0698S,42,193,5
2024/03/25 17:45,03F0648S,03F0698S,5,208,5
2024/03/25 17:45,03F0746S,03F0746N,31,2898,2
2024/03/25 17:45,03F0746S,03F0746N,32,3257,1
2024/03/25 17:45,03F0746S,03F0746N,41,0,0
2024/03/25 17:45,03F0746S,03F0746N,42,1463,1
2024/03/25 17:45,03F0746S,03F0746N,5,0,0
2024/03/25 17:45,03F0783N,03F0746N,31,129,234
2024/03/25 17:45,03F0783N,03F0746N,32,130,87
2024/03/25 17:45,03F0783N,03F0746N,41,128,3
2024/03/25 17:45,03F0783N,03F0746N,42,140,11
2024/03/25 17:45,03F0783N,03F0746N,5,144,4
2024/03/25 17:45,03F0698S,03F0746S,31,160,105
2024/03/25 17:45,03F0698S,03F0746S,32,162,33
2024/03/25 17:45,03F0698S,03F0746S,41,176,3
2024/03/25 17:45,03F0698S,03F0746S,42,182,5
2024/03/25 17:45,03F0698S,03F0746S,5,203,5
2024/03/25 17:45,03F0846N,03F0783N,31,223,202
2024/03/25 17:45,03F0846N,03F0783N,32,221,71
2024/03/25 17:45,03F0846N,03F0783N,41,225,6
2024/03/25 17:45,03F0846N,03F0783N,42,239,10
2024/03/25 17:45,03F0846N,03F0783N,5,249,5
2024/03/25 17:45,03F0746S,03F0783S,31,120,142
2024/03/25 17:45,03F0746S,03F0783S,32,121,40
2024/03/25 17:45,03F0746S,03F0783S,41,0,0
2024/03/25 17:45,03F0746S,03F0783S,42,152,5
2024/03/25 17:45,03F0746S,03F0783S,5,144,5
2024/03/25 17:45,03F0783N,03F0783S,31,966,1
2024/03/25 17:45,03F0783N,03F0783S,32,1630,2
2024/03/25 17:45,03F0783N,03F0783S,41,0,0
2024/03/25 17:45,03F0783N,03F0783S,42,0,0
2024/03/25 17:45,03F0783N,03F0783S,5,0,0
2024/03/25 17:45,03F0961N,03F0846N,31,417,189
2024/03/25 17:45,03F0961N,03F0846N,32,420,66
2024/03/25 17:45,03F0961N,03F0846N,41,438,9
2024/03/25 17:45,03F0961N,03F0846N,42,453,8
2024/03/25 17:45,03F0961N,03F0846N,5,478,2
2024/03/25 17:45,03F0783S,03F0846S,31,214,116
2024/03/25 17:45,03F0783S,03F0846S,32,215,49
2024/03/25 17:45,03F0783S,03F0846S,41,0,0
2024/03/25 17:45,03F0783S,03F0846S,42,254,10
2024/03/25 17:45,03F0783S,03F0846S,5,256,3
2024/03/25 17:45,03F0996N,03F0961N,31,125,184
2024/03/25 17:45,03F0996N,03F0961N,32,130,67
2024/03/25 17:45,03F0996N,03F0961N,41,133,1
2024/03/25 17:45,03F0996N,03F0961N,42,145,13
2024/03/25 17:45,03F0996N,03F0961N,5,153,4
2024/03/25 17:45,03F0846S,03F0961S,31,382,72
2024/03/25 17:45,03F0846S,03F0961S,32,390,40
2024/03/25 17:45,03F0846S,03F0961S,41,445,2
2024/03/25 17:45,03F0846S,03F0961S,42,458,5
2024/03/25 17:45,03F0846S,03F0961S,5,467,8
2024/03/25 17:45,01F0980S,03F0996N,31,141,40
2024/03/25 17:45,01F0980S,03F0996N,32,139,14
2024/03/25 17:45,01F0980S,03F0996N,41,0,0
2024/03/25 17:45,01F0980S,03F0996N,42,170,4
2024/03/25 17:45,01F0980S,03F0996N,5,0,0
2024/03/25 17:45,01F1045N,03F0996N,31,230,47
2024/03/25 17:45,01F1045N,03F0996N,32,245,18
2024/03/25 17:45,01F1045N,03F0996N,41,0,0
2024/03/25 17:45,01F1045N,03F0996N,42,267,5
2024/03/25 17:45,01F1045N,03F0996N,5,278,1
2024/03/25 17:45,03F1022N,03F0996N,31,87,115
2024/03/25 17:45,03F1022N,03F0996N,32,90,47
2024/03/25 17:45,03F1022N,03F0996N,41,94,1
2024/03/25 17:45,03F1022N,03F0996N,42,101,6
2024/03/25 17:45,03F1022N,03F0996N,5,105,6
2024/03/25 17:45,03F0961S,03F0996S,31,120,100
2024/03/25 17:45,03F0961S,03F0996S,32,119,53
2024/03/25 17:45,03F0961S,03F0996S,41,129,5
2024/03/25 17:45,03F0961S,03F0996S,42,142,6
2024/03/25 17:45,03F0961S,03F0996S,5,138,8
2024/03/25 17:45,03F1051N,03F1022N,31,101,185
2024/03/25 17:45,03F1051N,03F1022N,32,104,60
2024/03/25 17:45,03F1051N,03F1022N,41,0,0
2024/03/25 17:45,03F1051N,03F1022N,42,112,9
2024/03/25 17:45,03F1051N,03F1022N,5,120,14
2024/03/25 17:45,01F0980S,03F1022S,31,133,165
2024/03/25 17:45,01F0980S,03F1022S,32,134,47
2024/03/25 17:45,01F0980S,03F1022S,41,144,3
2024/03/25 17:45,01F0980S,03F1022S,42,130,2
2024/03/25 17:45,01F0980S,03F1022S,5,149,13
2024/03/25 17:45,01F1045N,03F1022S,31,299,7
2024/03/25 17:45,01F1045N,03F1022S,32,311,3
2024/03/25 17:45,01F1045N,03F1022S,41,0,0
2024/03/25 17:45,01F1045N,03F1022S,42,0,0
2024/03/25 17:45,01F1045N,03F1022S,5,0,0
2024/03/25 17:45,03F0996S,03F1022S,31,92,133
2024/03/25 17:45,03F0996S,03F1022S,32,94,42
2024/03/25 17:45,03F0996S,03F1022S,41,97,3
2024/03/25 17:45,03F0996S,03F1022S,42,105,3
2024/03/25 17:45,03F0996S,03F1022S,5,108,6
2024/03/25 17:45,03F1128N,03F1051N,31,262,134
2024/03/25 17:45,03F1128N,03F1051N,32,260,43
2024/03/25 17:45,03F1128N,03F1051N,41,278,2
2024/03/25 17:45,03F1128N,03F1051N,42,292,6
2024/03/25 17:45,03F1128N,03F1051N,5,324,11
2024/03/25 17:45,03F1022S,03F1051S,31,106,195
2024/03/25 17:45,03F1022S,03F1051S,32,105,57
2024/03/25 17:45,03F1022S,03F1051S,41,108,3
2024/03/25 17:45,03F1022S,03F1051S,42,129,2
2024/03/25 17:45,03F1022S,03F1051S,5,124,18
2024/03/25 17:45,03F1161N,03F1128N,31,111,139
2024/03/25 17:45,03F1161N,03F1128N,32,112,50
2024/03/25 17:45,03F1161N,03F1128N,41,120,7
2024/03/25 17:45,03F1161N,03F1128N,42,132,13
2024/03/25 17:45,03F1161N,03F1128N,5,137,8
2024/03/25 17:45,03F1051S,03F1128S,31,262,164
2024/03/25 17:45,03F1051S,03F1128S,32,270,48
2024/03/25 17:45,03F1051S,03F1128S,41,286,2
2024/03/25 17:45,03F1051S,03F1128S,42,309,9
2024/03/25 17:45,03F1051S,03F1128S,5,335,10
2024/03/25 17:45,03F1215N,03F1161N,31,177,133
2024/03/25 17:45,03F1215N,03F1161N,32,176,44
2024/03/25 17:45,03F1215N,03F1161N,41,179,4
2024/03/25 17:45,03F1215N,03F1161N,42,212,10
2024/03/25 17:45,03F1215N,03F1161N,5,220,6
2024/03/25 17:45,03F1128S,03F1161S,31,113,132
2024/03/25 17:45,03F1128S,03F1161S,32,116,54
2024/03/25 17:45,03F1128S,03F1161S,41,124,2
2024/03/25 17:45,03F1128S,03F1161S,42,128,12
2024/03/25 17:45,03F1128S,03F1161S,5,141,12
2024/03/25 17:45,03F1257N,03F1215N,31,132,136
2024/03/25 17:45,03F1257N,03F1215N,32,132,30
2024/03/25 17:45,03F1257N,03F1215N,41,136,2
2024/03/25 17:45,03F1257N,03F1215N,42,172,6
2024/03/25 17:45,03F1257N,03F1215N,5,191,8
2024/03/25 17:45,03F1161S,03F1215S,31,179,112
2024/03/25 17:45,03F1161S,03F1215S,32,183,42
2024/03/25 17:45,03F1161S,03F1215S,41,0,0
2024/03/25 17:45,03F1161S,03F1215S,42,211,9
2024/03/25 17:45,03F1161S,03F1215S,5,213,16
2024/03/25 17:45,03F1332N,03F1257N,31,245,124
2024/03/25 17:45,03F1332N,03F1257N,32,245,38
2024/03/25 17:45,03F1332N,03F1257N,41,256,5
2024/03/25 17:45,03F1332N,03F1257N,42,262,6
2024/03/25 17:45,03F1332N,03F1257N,5,317,6
2024/03/25 17:45,03F1215S,03F1257S,31,135,72
2024/03/25 17:45,03F1215S,03F1257S,32,138,38
2024/03/25 17:45,03F1215S,03F1257S,41,0,0
2024/03/25 17:45,03F1215S,03F1257S,42,167,8
2024/03/25 17:45,03F1215S,03F1257S,5,167,15
2024/03/25 17:45,03F1395N,03F1332N,31,205,122
2024/03/25 17:45,03F1395N,03F1332N,32,208,30
2024/03/25 17:45,03F1395N,03F1332N,41,1193,8
2024/03/25 17:45,03F1395N,03F1332N,42,270,11
2024/03/25 17:45,03F1395N,03F1332N,5,286,4
2024/03/25 17:45,03F1257S,03F1332S,31,247,73
2024/03/25 17:45,03F1257S,03F1332S,32,252,37
2024/03/25 17:45,03F1257S,03F1332S,41,0,0
2024/03/25 17:45,03F1257S,03F1332S,42,297,9
2024/03/25 17:45,03F1257S,03F1332S,5,307,6
2024/03/25 17:45,03F1485N,03F1395N,31,288,89
2024/03/25 17:45,03F1485N,03F1395N,32,296,21
2024/03/25 17:45,03F1485N,03F1395N,41,1074,4
2024/03/25 17:45,03F1485N,03F1395N,42,340,10
2024/03/25 17:45,03F1485N,03F1395N,5,339,6
2024/03/25 17:45,03F1332S,03F1395S,31,206,96
2024/03/25 17:45,03F1332S,03F1395S,32,212,32
2024/03/25 17:45,03F1332S,03F1395S,41,212,1
2024/03/25 17:45,03F1332S,03F1395S,42,262,6
2024/03/25 17:45,03F1332S,03F1395S,5,251,9
2024/03/25 17:45,03F1633N,03F1485N,31,473,107
2024/03/25 17:45,03F1633N,03F1485N,32,481,32
2024/03/25 17:45,03F1633N,03F1485N,41,658,3
2024/03/25 17:45,03F1633N,03F1485N,42,648,12
2024/03/25 17:45,03F1633N,03F1485N,5,667,11
2024/03/25 17:45,03F1395S,03F1485S,31,300,69
2024/03/25 17:45,03F1395S,03F1485S,32,305,25
2024/03/25 17:45,03F1395S,03F1485S,41,339,2
2024/03/25 17:45,03F1395S,03F1485S,42,360,12
2024/03/25 17:45,03F1395S,03F1485S,5,364,12
2024/03/25 17:45,03F1651N,03F1633N,31,59,118
2024/03/25 17:45,03F1651N,03F1633N,32,60,47
2024/03/25 17:45,03F1651N,03F1633N,41,65,2
2024/03/25 17:45,03F1651N,03F1633N,42,59,11
2024/03/25 17:45,03F1651N,03F1633N,5,83,5
2024/03/25 17:45,03F1485S,03F1633S,31,499,71
2024/03/25 17:45,03F1485S,03F1633S,32,490,30
2024/03/25 17:45,03F1485S,03F1633S,41,553,4
2024/03/25 17:45,03F1485S,03F1633S,42,585,8
2024/03/25 17:45,03F1485S,03F1633S,5,603,7
2024/03/25 17:45,01F1621S,03F1651N,31,0,0
2024/03/25 17:45,01F1621S,03F1651N,32,627,1
2024/03/25 17:45,01F1621S,03F1651N,41,0,0
2024/03/25 17:45,01F1621S,03F1651N,42,0,0
2024/03/25 17:45,01F1621S,03F1651N,5,0,0
2024/03/25 17:45,01F1664N,03F1651N,31,528,24
2024/03/25 17:45,01F1664N,03F1651N,32,550,6
2024/03/25 17:45,01F1664N,03F1651N,41,641,1
2024/03/25 17:45,01F1664N,03F1651N,42,574,1
2024/03/25 17:45,01F1664N,03F1651N,5,538,1
2024/03/25 17:45,03F1710N,03F1651N,31,198,118
2024/03/25 17:45,03F1710N,03F1651N,32,199,41
2024/03/25 17:45,03F1710N,03F1651N,41,0,0
2024/03/25 17:45,03F1710N,03F1651N,42,222,7
2024/03/25 17:45,03F1710N,03F1651N,5,225,6
2024/03/25 17:45,03F1633S,03F1651S,31,61,113
2024/03/25 17:45,03F1633S,03F1651S,32,60,55
2024/03/25 17:45,03F1633S,03F1651S,41,62,3
2024/03/25 17:45,03F1633S,03F1651S,42,68,10
2024/03/25 17:45,03F1633S,03F1651S,5,73,9
2024/03/25 17:45,03F1710S,03F1710N,31,1491,4
2024/03/25 17:45,03F1710S,03F1710N,32,3024,1
2024/03/25 17:45,03F1710S,03F1710N,41,0,0
2024/03/25 17:45,03F1710S,03F1710N,42,0,0
2024/03/25 17:45,03F1710S,03F1710N,5,879,1
2024/03/25 17:45,03F1739N,03F1710N,31,97,150
2024/03/25 17:45,03F1739N,03F1710N,32,98,50
2024/03/25 17:45,03F1739N,03F1710N,41,0,0
2024/03/25 17:45,03F1739N,03F1710N,42,107,10
2024/03/25 17:45,03F1739N,03F1710N,5,119,12
2024/03/25 17:45,01F1621S,03F1710S,31,643,5
2024/03/25 17:45,01F1621S,03F1710S,32,580,4
2024/03/25 17:45,01F1621S,03F1710S,41,0,0
2024/03/25 17:45,01F1621S,03F1710S,42,0,0
2024/03/25 17:45,01F1621S,03F1710S,5,0,0
2024/03/25 17:45,01F1664N,03F1710S,31,525,3
2024/03/25 17:45,01F1664N,03F1710S,32,519,1
2024/03/25 17:45,01F1664N,03F1710S,41,0,0
2024/03/25 17:45,01F1664N,03F1710S,42,606,1
2024/03/25 17:45,01F1664N,03F1710S,5,0,0
2024/03/25 17:45,03F1651S,03F1710S,31,200,83
2024/03/25 17:45,03F1651S,03F1710S,32,202,59
2024/03/25 17:45,03F1651S,03F1710S,41,0,0
2024/03/25 17:45,03F1651S,03F1710S,42,234,20
2024/03/25 17:45,03F1651S,03F1710S,5,252,13
2024/03/25 17:45,03F1779N,03F1739N,31,132,122
2024/03/25 17:45,03F1779N,03F1739N,32,134,26
2024/03/25 17:45,03F1779N,03F1739N,41,0,0
2024/03/25 17:45,03F1779N,03F1739N,42,136,9
2024/03/25 17:45,03F1779N,03F1739N,5,158,12
2024/03/25 17:45,03F1710S,03F1739S,31,97,153
2024/03/25 17:45,03F1710S,03F1739S,32,99,60
2024/03/25 17:45,03F1710S,03F1739S,41,0,0
2024/03/25 17:45,03F1710S,03F1739S,42,112,25
2024/03/25 17:45,03F1710S,03F1739S,5,117,16
2024/03/25 17:45,03F1739N,03F1739S,31,2963,2
2024/03/25 17:45,03F1739N,03F1739S,32,1839,5
2024/03/25 17:45,03F1739N,03F1739S,41,0,0
2024/03/25 17:45,03F1739N,03F1739S,42,0,0
2024/03/25 17:45,03F1739N,03F1739S,5,0,0
2024/03/25 17:45,03F1860N,03F1779N,31,277,98
2024/03/25 17:45,03F1860N,03F1779N,32,276,27
2024/03/25 17:45,03F1860N,03F1779N,41,351,2
2024/03/25 17:45,03F1860N,03F1779N,42,347,9
2024/03/25 17:45,03F1860N,03F1779N,5,354,13
2024/03/25 17:45,03F1739S,03F1779S,31,134,104
2024/03/25 17:45,03F1739S,03F1779S,32,135,28
2024/03/25 17:45,03F1739S,03F1779S,41,0,0
2024/03/25 17:45,03F1739S,03F1779S,42,164,19
2024/03/25 17:45,03F1739S,03F1779S,5,175,10
2024/03/25 17:45,03F1941N,03F1860N,31,269,109
2024/03/25 17:45,03F1941N,03F1860N,32,272,49
2024/03/25 17:45,03F1941N,03F1860N,41,315,2
2024/03/25 17:45,03F1941N,03F1860N,42,329,11
2024/03/25 17:45,03F1941N,03F1860N,5,332,12
2024/03/25 17:45,03F1779S,03F1860S,31,274,106
2024/03/25 17:45,03F1779S,03F1860S,32,286,56
2024/03/25 17:45,03F1779S,03F1860S,41,292,1
2024/03/25 17:45,03F1779S,03F1860S,42,317,12
2024/03/25 17:45,03F1779S,03F1860S,5,327,13
2024/03/25 17:45,01F1906S,03F1941N,31,222,14
2024/03/25 17:45,01F1906S,03F1941N,32,0,0
2024/03/25 17:45,01F1906S,03F1941N,41,0,0
2024/03/25 17:45,01F1906S,03F1941N,42,233,1
2024/03/25 17:45,01F1906S,03F1941N,5,288,1
2024/03/25 17:45,01F1960N,03F1941N,31,277,50
2024/03/25 17:45,01F1960N,03F1941N,32,272,22
2024/03/25 17:45,01F1960N,03F1941N,41,0,0
2024/03/25 17:45,01F1960N,03F1941N,42,308,6
2024/03/25 17:45,01F1960N,03F1941N,5,308,13
2024/03/25 17:45,03F1992N,03F1941N,31,168,123
2024/03/25 17:45,03F1992N,03F1941N,32,170,28
2024/03/25 17:45,03F1992N,03F1941N,41,193,1
2024/03/25 17:45,03F1992N,03F1941N,42,187,9
2024/03/25 17:45,03F1992N,03F1941N,5,197,6
2024/03/25 17:45,03F1860S,03F1944S,31,294,140
2024/03/25 17:45,03F1860S,03F1944S,32,302,51
2024/03/25 17:45,03F1860S,03F1944S,41,300,5
2024/03/25 17:45,03F1860S,03F1944S,42,363,14
2024/03/25 17:45,03F1860S,03F1944S,5,365,11
2024/03/25 17:45,01F1906S,03F1991S,31,200,8
2024/03/25 17:45,01F1906S,03F1991S,32,221,3
2024/03/25 17:45,01F1906S,03F1991S,41,0,0
2024/03/25 17:45,01F1906S,03F1991S,42,226,3
2024/03/25 17:45,01F1906S,03F1991S,5,225,3
2024/03/25 17:45,01F1960N,03F1991S,31,272,58
2024/03/25 17:45,01F1960N,03F1991S,32,275,13
2024/03/25 17:45,01F1960N,03F1991S,41,289,1
2024/03/25 17:45,01F1960N,03F1991S,42,297,5
2024/03/25 17:45,01F1960N,03F1991S,5,290,1
2024/03/25 17:45,03F1944S,03F1991S,31,163,135
2024/03/25 17:45,03F1944S,03F1991S,32,166,55
2024/03/25 17:45,03F1944S,03F1991S,41,189,2
2024/03/25 17:45,03F1944S,03F1991S,42,184,12
2024/03/25 17:45,03F1944S,03F1991S,5,199,10
2024/03/25 17:45,03F2066N,03F1992N,31,254,133
2024/03/25 17:45,03F2066N,03F1992N,32,256,35
2024/03/25 17:45,03F2066N,03F1992N,41,274,1
2024/03/25 17:45,03F2066N,03F1992N,42,295,11
2024/03/25 17:45,03F2066N,03F1992N,5,299,6
2024/03/25 17:45,03F2078N,03F2066N,31,44,214
2024/03/25 17:45,03F2078N,03F2066N,32,45,56
2024/03/25 17:45,03F2078N,03F2066N,41,48,5
2024/03/25 17:45,03F2078N,03F2066N,42,49,6
2024/03/25 17:45,03F2078N,03F2066N,5,48,5
2024/03/25 17:45,03F1991S,03F2066S,31,255,136
2024/03/25 17:45,03F1991S,03F2066S,32,261,47
2024/03/25 17:45,03F1991S,03F2066S,41,279,4
2024/03/25 17:45,03F1991S,03F2066S,42,304,9
2024/03/25 17:45,03F1991S,03F2066S,5,298,7
2024/03/25 17:45,03F2100N,03F2078N,31,82,181
2024/03/25 17:45,03F2100N,03F2078N,32,81,57
2024/03/25 17:45,03F2100N,03F2078N,41,86,4
2024/03/25 17:45,03F2100N,03F2078N,42,91,7
2024/03/25 17:45,03F2100N,03F2078N,5,90,5
2024/03/25 17:45,03F2066S,03F2079S,31,62,204
2024/03/25 17:45,03F2066S,03F2079S,32,63,74
2024/03/25 17:45,03F2066S,03F2079S,41,73,6
2024/03/25 17:45,03F2066S,03F2079S,42,58,10
2024/03/25 17:45,03F2066S,03F2079S,5,70,4
2024/03/25 17:45,03F2125N,03F2100N,31,89,191
2024/03/25 17:45,03F2125N,03F2100N,32,92,55
2024/03/25 17:45,03F2125N,03F2100N,41,94,4
2024/03/25 17:45,03F2125N,03F2100N,42,104,6
2024/03/25 17:45,03F2125N,03F2100N,5,100,7
2024/03/25 17:45,03F2079S,03F2100S,31,79,178
2024/03/25 17:45,03F2079S,03F2100S,32,77,68
2024/03/25 17:45,03F2079S,03F2100S,41,88,4
2024/03/25 17:45,03F2079S,03F2100S,42,94,10
2024/03/25 17:45,03F2079S,03F2100S,5,105,3
2024/03/25 17:45,03F2153N,03F2125N,31,103,275
2024/03/25 17:45,03F2153N,03F2125N,32,107,79
2024/03/25 17:45,03F2153N,03F2125N,41,112,4
2024/03/25 17:45,03F2153N,03F2125N,42,118,8
2024/03/25 17:45,03F2153N,03F2125N,5,113,7
2024/03/25 17:45,03F2100S,03F2129S,31,103,143
2024/03/25 17:45,03F2100S,03F2129S,32,106,45
2024/03/25 17:45,03F2100S,03F2129S,41,118,5
2024/03/25 17:45,03F2100S,03F2129S,42,114,6
2024/03/25 17:45,03F2100S,03F2129S,5,127,2
2024/03/25 17:45,03F2129S,03F2152S,31,80,220
2024/03/25 17:45,03F2129S,03F2152S,32,84,76
2024/03/25 17:45,03F2129S,03F2152S,41,87,3
2024/03/25 17:45,03F2129S,03F2152S,42,94,12
2024/03/25 17:45,03F2129S,03F2152S,5,98,3
2024/03/25 17:45,03F2194N,03F2153N,31,141,258
2024/03/25 17:45,03F2194N,03F2153N,32,143,82
2024/03/25 17:45,03F2194N,03F2153N,41,153,1
2024/03/25 17:45,03F2194N,03F2153N,42,159,7
2024/03/25 17:45,03F2194N,03F2153N,5,161,4
2024/03/25 17:45,03F2231N,03F2194N,31,121,246
2024/03/25 17:45,03F2231N,03F2194N,32,123,61
2024/03/25 17:45,03F2231N,03F2194N,41,134,2
2024/03/25 17:45,03F2231N,03F2194N,42,144,6
2024/03/25 17:45,03F2231N,03F2194N,5,140,3
2024/03/25 17:45,03F2152S,03F2194S,31,142,189
2024/03/25 17:45,03F2152S,03F2194S,32,146,79
2024/03/25 17:45,03F2152S,03F2194S,41,0,0
2024/03/25 17:45,03F2152S,03F2194S,42,168,7
2024/03/25 17:45,03F2152S,03F2194S,5,158,4
2024/03/25 17:45,03F2260N,03F2231N,31,102,187
2024/03/25 17:45,03F2260N,03F2231N,32,103,45
2024/03/25 17:45,03F2260N,03F2231N,41,110,2
2024/03/25 17:45,03F2260N,03F2231N,42,129,3
2024/03/25 17:45,03F2260N,03F2231N,5,115,4
2024/03/25 17:45,03F2194S,03F2235S,31,133,140
2024/03/25 17:45,03F2194S,03F2235S,32,135,42
2024/03/25 17:45,03F2194S,03F2235S,41,0,0
2024/03/25 17:45,03F2194S,03F2235S,42,133,1
2024/03/25 17:45,03F2194S,03F2235S,5,155,1
2024/03/25 17:45,03F2306N,03F2260N,31,156,156
2024/03/25 17:45,03F2306N,03F2260N,32,157,48
2024/03/25 17:45,03F2306N,03F2260N,41,166,6
2024/03/25 17:45,03F2306N,03F2260N,42,182,5
2024/03/25 17:45,03F2306N,03F2260N,5,182,5
2024/03/25 17:45,03F2235S,03F2261S,31,89,132
2024/03/25 17:45,03F2235S,03F2261S,32,91,46
2024/03/25 17:45,03F2235S,03F2261S,41,94,1
2024/03/25 17:45,03F2235S,03F2261S,42,105,2
2024/03/25 17:45,03F2235S,03F2261S,5,91,2
2024/03/25 17:45,03F2306S,03F2306N,31,966,1
2024/03/25 17:45,03F2306S,03F2306N,32,2974,1
2024/03/25 17:45,03F2306S,03F2306N,41,0,0
2024/03/25 17:45,03F2306S,03F2306N,42,3094,1
2024/03/25 17:45,03F2306S,03F2306N,5,0,0
2024/03/25 17:45,03F2336N,03F2306N,31,107,177
2024/03/25 17:45,03F2336N,03F2306N,32,108,56
2024/03/25 17:45,03F2336N,03F2306N,41,495,4
2024/03/25 17:45,03F2336N,03F2306N,42,124,9
2024/03/25 17:45,03F2336N,03F2306N,5,118,2
2024/03/25 17:45,03F2261S,03F2306S,31,147,74
2024/03/25 17:45,03F2261S,03F2306S,32,150,36
2024/03/25 17:45,03F2261S,03F2306S,41,159,1
2024/03/25 17:45,03F2261S,03F2306S,42,173,3
2024/03/25 17:45,03F2261S,03F2306S,5,183,2
2024/03/25 17:45,03F2415N,03F2336N,31,262,109
2024/03/25 17:45,03F2415N,03F2336N,32,272,48
2024/03/25 17:45,03F2415N,03F2336N,41,270,1
2024/03/25 17:45,03F2415N,03F2336N,42,382,7
2024/03/25 17:45,03F2415N,03F2336N,5,367,2
2024/03/25 17:45,03F2306S,03F2336S,31,101,81
2024/03/25 17:45,03F2306S,03F2336S,32,100,31
2024/03/25 17:45,03F2306S,03F2336S,41,1547,1
2024/03/25 17:45,03F2306S,03F2336S,42,125,4
2024/03/25 17:45,03F2306S,03F2336S,5,121,3
2024/03/25 17:45,03F2336N,03F2336S,31,1309,1
2024/03/25 17:45,03F2336N,03F2336S,32,0,0
2024/03/25 17:45,03F2336N,03F2336S,41,0,0
2024/03/25 17:45,03F2336N,03F2336S,42,0,0
2024/03/25 17:45,03F2336N,03F2336S,5,0,0
2024/03/25 17:45,03F2447N,03F2415N,31,107,77
2024/03/25 17:45,03F2447N,03F2415N,32,110,39
2024/03/25 17:45,03F2447N,03F2415N,41,124,4
2024/03/25 17:45,03F2447N,03F2415N,42,122,3
2024/03/25 17:45,03F2447N,03F2415N,5,0,0
2024/03/25 17:45,03F2336S,03F2415S,31,256,62
2024/03/25 17:45,03F2336S,03F2415S,32,258,25
2024/03/25 17:45,03F2336S,03F2415S,41,271,2
2024/03/25 17:45,03F2336S,03F2415S,42,292,4
2024/03/25 17:45,03F2336S,03F2415S,5,292,2
2024/03/25 17:45,03F2535N,03F2447N,31,287,75
2024/03/25 17:45,03F2535N,03F2447N,32,298,31
2024/03/25 17:45,03F2535N,03F2447N,41,338,1
2024/03/25 17:45,03F2535N,03F2447N,42,350,5
2024/03/25 17:45,03F2535N,03F2447N,5,0,0
2024/03/25 17:45,03F2415S,03F2447S,31,106,49
2024/03/25 17:45,03F2415S,03F2447S,32,108,22
2024/03/25 17:45,03F2415S,03F2447S,41,114,1
2024/03/25 17:45,03F2415S,03F2447S,42,129,3
2024/03/25 17:45,03F2415S,03F2447S,5,117,1
2024/03/25 17:45,03F2614N,03F2535N,31,253,71
2024/03/25 17:45,03F2614N,03F2535N,32,260,25
2024/03/25 17:45,03F2614N,03F2535N,41,0,0
2024/03/25 17:45,03F2614N,03F2535N,42,283,5
2024/03/25 17:45,03F2614N,03F2535N,5,297,2
2024/03/25 17:45,03F2447S,03F2535S,31,283,69
2024/03/25 17:45,03F2447S,03F2535S,32,292,21
2024/03/25 17:45,03F2447S,03F2535S,41,0,0
2024/03/25 17:45,03F2447S,03F2535S,42,323,4
2024/03/25 17:45,03F2447S,03F2535S,5,362,2
2024/03/25 17:45,03F2709N,03F2614N,31,301,56
2024/03/25 17:45,03F2709N,03F2614N,32,323,20
2024/03/25 17:45,03F2709N,03F2614N,41,0,0
2024/03/25 17:45,03F2709N,03F2614N,42,345,2
2024/03/25 17:45,03F2709N,03F2614N,5,368,4
2024/03/25 17:45,03F2535S,03F2614S,31,249,59
2024/03/25 17:45,03F2535S,03F2614S,32,264,24
2024/03/25 17:45,03F2535S,03F2614S,41,262,1
2024/03/25 17:45,03F2535S,03F2614S,42,301,2
2024/03/25 17:45,03F2535S,03F2614S,5,319,1
2024/03/25 17:45,03F2747N,03F2709N,31,125,72
2024/03/25 17:45,03F2747N,03F2709N,32,129,33
2024/03/25 17:45,03F2747N,03F2709N,41,138,5
2024/03/25 17:45,03F2747N,03F2709N,42,132,2
2024/03/25 17:45,03F2747N,03F2709N,5,0,0
2024/03/25 17:45,03F2614S,03F2709S,31,309,54
2024/03/25 17:45,03F2614S,03F2709S,32,311,16
2024/03/25 17:45,03F2614S,03F2709S,41,326,2
2024/03/25 17:45,03F2614S,03F2709S,42,401,2
2024/03/25 17:45,03F2614S,03F2709S,5,383,1
2024/03/25 17:45,03F2747S,03F2747N,31,1041,2
2024/03/25 17:45,03F2747S,03F2747N,32,2784,1
2024/03/25 17:45,03F2747S,03F2747N,41,2569,1
2024/03/25 17:45,03F2747S,03F2747N,42,0,0
2024/03/25 17:45,03F2747S,03F2747N,5,0,0
2024/03/25 17:45,03F2777N,03F2747N,31,101,80
2024/03/25 17:45,03F2777N,03F2747N,32,100,34
2024/03/25 17:45,03F2777N,03F2747N,41,108,9
2024/03/25 17:45,03F2777N,03F2747N,42,106,5
2024/03/25 17:45,03F2777N,03F2747N,5,126,1
2024/03/25 17:45,03F2709S,03F2747S,31,124,67
2024/03/25 17:45,03F2709S,03F2747S,32,127,21
2024/03/25 17:45,03F2709S,03F2747S,41,134,2
2024/03/25 17:45,03F2709S,03F2747S,42,166,5
2024/03/25 17:45,03F2709S,03F2747S,5,158,1
2024/03/25 17:45,03F2840N,03F2777N,31,207,69
2024/03/25 17:45,03F2840N,03F2777N,32,209,28
2024/03/25 17:45,03F2840N,03F2777N,41,244,8
2024/03/25 17:45,03F2840N,03F2777N,42,233,7
2024/03/25 17:45,03F2840N,03F2777N,5,268,1
2024/03/25 17:45,03F2747S,03F2777S,31,105,76
2024/03/25 17:45,03F2747S,03F2777S,32,112,23
2024/03/25 17:45,03F2747S,03F2777S,41,111,2
2024/03/25 17:45,03F2747S,03F2777S,42,127,2
2024/03/25 17:45,03F2747S,03F2777S,5,119,3
2024/03/25 17:45,03F2777N,03F2777S,31,2987,1
2024/03/25 17:45,03F2777N,03F2777S,32,0,0
2024/03/25 17:45,03F2777N,03F2777S,41,0,0
2024/03/25 17:45,03F2777N,03F2777S,42,0,0
2024/03/25 17:45,03F2777N,03F2777S,5,0,0
2024/03/25 17:45,03F2899N,03F2840N,31,186,61
2024/03/25 17:45,03F2899N,03F2840N,32,203,16
2024/03/25 17:45,03F2899N,03F2840N,41,197,4
2024/03/25 17:45,03F2899N,03F2840N,42,216,5
2024/03/25 17:45,03F2899N,03F2840N,5,0,0
2024/03/25 17:45,03F2777S,03F2840S,31,213,58
2024/03/25 17:45,03F2777S,03F2840S,32,214,25
2024/03/25 17:45,03F2777S,03F2840S,41,213,1
2024/03/25 17:45,03F2777S,03F2840S,42,244,3
2024/03/25 17:45,03F2777S,03F2840S,5,247,3
2024/03/25 17:45,03F2923N,03F2899N,31,76,41
2024/03/25 17:45,03F2923N,03F2899N,32,79,20
2024/03/25 17:45,03F2923N,03F2899N,41,78,3
2024/03/25 17:45,03F2923N,03F2899N,42,81,3
2024/03/25 17:45,03F2923N,03F2899N,5,90,1
2024/03/25 17:45,03F2840S,03F2899S,31,192,66
2024/03/25 17:45,03F2840S,03F2899S,32,197,27
2024/03/25 17:45,03F2840S,03F2899S,41,210,2
2024/03/25 17:45,03F2840S,03F2899S,42,222,6
2024/03/25 17:45,03F2840S,03F2899S,5,268,1
2024/03/25 17:45,03F2985N,03F2923N,31,202,60
2024/03/25 17:45,03F2985N,03F2923N,32,209,26
2024/03/25 17:45,03F2985N,03F2923N,41,206,4
2024/03/25 17:45,03F2985N,03F2923N,42,242,5
2024/03/25 17:45,03F2985N,03F2923N,5,237,1
2024/03/25 17:45,03F2899S,03F2923S,31,79,66
2024/03/25 17:45,03F2899S,03F2923S,32,79,28
2024/03/25 17:45,03F2899S,03F2923S,41,87,3
2024/03/25 17:45,03F2899S,03F2923S,42,94,4
2024/03/25 17:45,03F2899S,03F2923S,5,109,2
2024/03/25 17:45,03F3101N,03F2985N,31,371,52
2024/03/25 17:45,03F3101N,03F2985N,32,385,17
2024/03/25 17:45,03F3101N,03F2985N,41,399,4
2024/03/25 17:45,03F3101N,03F2985N,42,433,3
2024/03/25 17:45,03F3101N,03F2985N,5,544,3
2024/03/25 17:45,03F2923S,03F2985S,31,207,55
2024/03/25 17:45,03F2923S,03F2985S,32,203,27
2024/03/25 17:45,03F2923S,03F2985S,41,0,0
2024/03/25 17:45,03F2923S,03F2985S,42,248,5
2024/03/25 17:45,03F2923S,03F2985S,5,276,2
2024/03/25 17:45,03F3187N,03F3101N,31,287,63
2024/03/25 17:45,03F3187N,03F3101N,32,287,13
2024/03/25 17:45,03F3187N,03F3101N,41,305,2
2024/03/25 17:45,03F3187N,03F3101N,42,359,3
2024/03/25 17:45,03F3187N,03F3101N,5,388,2
2024/03/25 17:45,03F2985S,03F3101S,31,372,60
2024/03/25 17:45,03F2985S,03F3101S,32,396,19
2024/03/25 17:45,03F2985S,03F3101S,41,391,3
2024/03/25 17:45,03F2985S,03F3101S,42,421,6
2024/03/25 17:45,03F2985S,03F3101S,5,542,1
2024/03/25 17:45,03F3187S,03F3187N,31,0,0
2024/03/25 17:45,03F3187S,03F3187N,32,0,0
2024/03/25 17:45,03F3187S,03F3187N,41,0,0
2024/03/25 17:45,03F3187S,03F3187N,42,0,0
2024/03/25 17:45,03F3187S,03F3187N,5,0,0
2024/03/25 17:45,03F3211N,03F3187N,31,80,72
2024/03/25 17:45,03F3211N,03F3187N,32,82,20
2024/03/25 17:45,03F3211N,03F3187N,41,81,2
2024/03/25 17:45,03F3211N,03F3187N,42,86,6
2024/03/25 17:45,03F3211N,03F3187N,5,90,1
2024/03/25 17:45,03F3101S,03F3187S,31,280,59
2024/03/25 17:45,03F3101S,03F3187S,32,283,16
2024/03/25 17:45,03F3101S,03F3187S,41,0,0
2024/03/25 17:45,03F3101S,03F3187S,42,397,3
2024/03/25 17:45,03F3101S,03F3187S,5,0,0
2024/03/25 17:45,03F3259N,03F3211N,31,153,68
2024/03/25 17:45,03F3259N,03F3211N,32,155,21
2024/03/25 17:45,03F3259N,03F3211N,41,159,1
2024/03/25 17:45,03F3259N,03F3211N,42,174,4
2024/03/25 17:45,03F3259N,03F3211N,5,201,1
2024/03/25 17:45,03F3187S,03F3211S,31,77,80
2024/03/25 17:45,03F3187S,03F3211S,32,77,24
2024/03/25 17:45,03F3187S,03F3211S,41,81,3
2024/03/25 17:45,03F3187S,03F3211S,42,95,6
2024/03/25 17:45,03F3187S,03F3211S,5,87,1
2024/03/25 17:45,03F3211N,03F3211S,31,0,0
2024/03/25 17:45,03F3211N,03F3211S,32,2971,2
2024/03/25 17:45,03F3211N,03F3211S,41,0,0
2024/03/25 17:45,03F3211N,03F3211S,42,0,0
2024/03/25 17:45,03F3211N,03F3211S,5,0,0
2024/03/25 17:45,03F3307N,03F3259N,31,154,54
2024/03/25 17:45,03F3307N,03F3259N,32,154,25
2024/03/25 17:45,03F3307N,03F3259N,41,165,1
2024/03/25 17:45,03F3307N,03F3259N,42,182,5
2024/03/25 17:45,03F3307N,03F3259N,5,188,3
2024/03/25 17:45,03F3211S,03F3259S,31,153,80
2024/03/25 17:45,03F3211S,03F3259S,32,159,24
2024/03/25 17:45,03F3211S,03F3259S,41,169,4
2024/03/25 17:45,03F3211S,03F3259S,42,189,6
2024/03/25 17:45,03F3211S,03F3259S,5,0,0
2024/03/25 17:45,03F3392N,03F3307N,31,276,92
2024/03/25 17:45,03F3392N,03F3307N,32,288,19
2024/03/25 17:45,03F3392N,03F3307N,41,289,1
2024/03/25 17:45,03F3392N,03F3307N,42,320,2
2024/03/25 17:45,03F3392N,03F3307N,5,324,1
2024/03/25 17:45,03F3259S,03F3307S,31,161,103
2024/03/25 17:45,03F3259S,03F3307S,32,160,26
2024/03/25 17:45,03F3259S,03F3307S,41,189,4
2024/03/25 17:45,03F3259S,03F3307S,42,175,6
2024/03/25 17:45,03F3259S,03F3307S,5,183,4
2024/03/25 17:45,03F3445N,03F3392N,31,168,70
2024/03/25 17:45,03F3445N,03F3392N,32,182,25
2024/03/25 17:45,03F3445N,03F3392N,41,186,1
2024/03/25 17:45,03F3445N,03F3392N,42,231,5
2024/03/25 17:45,03F3445N,03F3392N,5,262,2
2024/03/25 17:45,03F3307S,03F3392S,31,273,108
2024/03/25 17:45,03F3307S,03F3392S,32,280,25
2024/03/25 17:45,03F3307S,03F3392S,41,303,2
2024/03/25 17:45,03F3307S,03F3392S,42,325,5
2024/03/25 17:45,03F3307S,03F3392S,5,337,4
2024/03/25 17:45,01F3126S,03F3445N,31,0,0
2024/03/25 17:45,01F3126S,03F3445N,32,0,0
2024/03/25 17:45,01F3126S,03F3445N,41,0,0
2024/03/25 17:45,01F3126S,03F3445N,42,0,0
2024/03/25 17:45,01F3126S,03F3445N,5,0,0
2024/03/25 17:45,01F3185N,03F3445N,31,560,6
2024/03/25 17:45,01F3185N,03F3445N,32,561,4
2024/03/25 17:45,01F3185N,03F3445N,41,0,0
2024/03/25 17:45,01F3185N,03F3445N,42,0,0
2024/03/25 17:45,01F3185N,03F3445N,5,0,0
2024/03/25 17:45,03F3496N,03F3445N,31,167,65
2024/03/25 17:45,03F3496N,03F3445N,32,170,17
2024/03/25 17:45,03F3496N,03F3445N,41,182,1
2024/03/25 17:45,03F3496N,03F3445N,42,182,4
2024/03/25 17:45,03F3496N,03F3445N,5,187,1
2024/03/25 17:45,03F3392S,03F3445S,31,178,144
2024/03/25 17:45,03F3392S,03F3445S,32,179,46
2024/03/25 17:45,03F3392S,03F3445S,41,0,0
2024/03/25 17:45,03F3392S,03F3445S,42,196,5
2024/03/25 17:45,03F3392S,03F3445S,5,206,5
2024/03/25 17:45,03F3588N,03F3496N,31,294,51
2024/03/25 17:45,03F3588N,03F3496N,32,312,18
2024/03/25 17:45,03F3588N,03F3496N,41,0,0
2024/03/25 17:45,03F3588N,03F3496N,42,315,4
2024/03/25 17:45,03F3588N,03F3496N,5,347,2
2024/03/25 17:45,01F3126S,03F3496S,31,598,6
2024/03/25 17:45,01F3126S,03F3496S,32,619,7
2024/03/25 17:45,01F3126S,03F3496S,41,0,0
2024/03/25 17:45,01F3126S,03F3496S,42,640,3
2024/03/25 17:45,01F3126S,03F3496S,5,0,0
2024/03/25 17:45,01F3185N,03F3496S,31,512,1
2024/03/25 17:45,01F3185N,03F3496S,32,0,0
2024/03/25 17:45,01F3185N,03F3496S,41,0,0
2024/03/25 17:45,01F3185N,03F3496S,42,0,0
2024/03/25 17:45,01F3185N,03F3496S,5,0,0
2024/03/25 17:45,03F3445S,03F3496S,31,169,111
2024/03/25 17:45,03F3445S,03F3496S,32,174,36
2024/03/25 17:45,03F3445S,03F3496S,41,177,2
2024/03/25 17:45,03F3445S,03F3496S,42,184,8
2024/03/25 17:45,03F3445S,03F3496S,5,198,4
2024/03/25 17:45,03F3670N,03F3588N,31,271,97
2024/03/25 17:45,03F3670N,03F3588N,32,286,30
2024/03/25 17:45,03F3670N,03F3588N,41,1418,1
2024/03/25 17:45,03F3670N,03F3588N,42,337,3
2024/03/25 17:45,03F3670N,03F3588N,5,329,6
2024/03/25 17:45,03F3496S,03F3588S,31,305,106
2024/03/25 17:45,03F3496S,03F3588S,32,306,32
2024/03/25 17:45,03F3496S,03F3588S,41,352,1
2024/03/25 17:45,03F3496S,03F3588S,42,357,5
2024/03/25 17:45,03F3496S,03F3588S,5,370,3
2024/03/25 17:45,03F3743N,03F3670N,31,239,80
2024/03/25 17:45,03F3743N,03F3670N,32,250,26
2024/03/25 17:45,03F3743N,03F3670N,41,262,1
2024/03/25 17:45,03F3743N,03F3670N,42,259,6
2024/03/25 17:45,03F3743N,03F3670N,5,303,9
2024/03/25 17:45,03F3588S,03F3670S,31,275,133
2024/03/25 17:45,03F3588S,03F3670S,32,281,55
2024/03/25 17:45,03F3588S,03F3670S,41,304,2
2024/03/25 17:45,03F3588S,03F3670S,42,289,7
2024/03/25 17:45,03F3588S,03F3670S,5,337,10
2024/03/25 17:45,01F3590S,03F3743N,31,2326,1
2024/03/25 17:45,01F3590S,03F3743N,32,0,0
2024/03/25 17:45,01F3590S,03F3743N,41,0,0
2024/03/25 17:45,01F3590S,03F3743N,42,0,0
2024/03/25 17:45,01F3590S,03F3743N,5,0,0
2024/03/25 17:45,01F3640N,03F3743N,31,1040,6
2024/03/25 17:45,01F3640N,03F3743N,32,1089,3
2024/03/25 17:45,01F3640N,03F3743N,41,0,0
2024/03/25 17:45,01F3640N,03F3743N,42,0,0
2024/03/25 17:45,01F3640N,03F3743N,5,0,0
2024/03/25 17:45,03F3854N,03F3743N,31,359,35
2024/03/25 17:45,03F3854N,03F3743N,32,376,15
2024/03/25 17:45,03F3854N,03F3743N,41,384,1
2024/03/25 17:45,03F3854N,03F3743N,42,553,3
2024/03/25 17:45,03F3854N,03F3743N,5,476,6
2024/03/25 17:45,03F3670S,03F3743S,31,243,121
2024/03/25 17:45,03F3670S,03F3743S,32,242,50
2024/03/25 17:45,03F3670S,03F3743S,41,0,0
2024/03/25 17:45,03F3670S,03F3743S,42,287,14
2024/03/25 17:45,03F3670S,03F3743S,5,287,8
2024/03/25 17:45,03F3916N,03F3854N,31,207,57
2024/03/25 17:45,03F3916N,03F3854N,32,206,31
2024/03/25 17:45,03F3916N,03F3854N,41,224,2
2024/03/25 17:45,03F3916N,03F3854N,42,228,5
2024/03/25 17:45,03F3916N,03F3854N,5,0,0
2024/03/25 17:45,01F3590S,03F3854S,31,0,0
2024/03/25 17:45,01F3590S,03F3854S,32,0,0
2024/03/25 17:45,01F3590S,03F3854S,41,0,0
2024/03/25 17:45,01F3590S,03F3854S,42,993,1
2024/03/25 17:45,01F3590S,03F3854S,5,0,0
2024/03/25 17:45,01F3640N,03F3854S,31,812,5
2024/03/25 17:45,01F3640N,03F3854S,32,868,3
2024/03/25 17:45,01F3640N,03F3854S,41,0,0
2024/03/25 17:45,01F3640N,03F3854S,42,0,0
2024/03/25 17:45,01F3640N,03F3854S,5,0,0
2024/03/25 17:45,03F3743S,03F3854S,31,379,64
2024/03/25 17:45,03F3743S,03F3854S,32,381,32
2024/03/25 17:45,03F3743S,03F3854S,41,404,1
2024/03/25 17:45,03F3743S,03F3854S,42,412,7
2024/03/25 17:45,03F3743S,03F3854S,5,452,4
2024/03/25 17:45,03F3984N,03F3916N,31,232,54
2024/03/25 17:45,03F3984N,03F3916N,32,236,30
2024/03/25 17:45,03F3984N,03F3916N,41,235,2
2024/03/25 17:45,03F3984N,03F3916N,42,271,3
2024/03/25 17:45,03F3984N,03F3916N,5,286,3
2024/03/25 17:45,03F3854S,03F3916S,31,209,89
2024/03/25 17:45,03F3854S,03F3916S,32,209,47
2024/03/25 17:45,03F3854S,03F3916S,41,0,0
2024/03/25 17:45,03F3854S,03F3916S,42,230,5
2024/03/25 17:45,03F3854S,03F3916S,5,234,3
2024/03/25 17:45,03F3916S,03F3981S,31,219,73
2024/03/25 17:45,03F3916S,03F3981S,32,224,49
2024/03/25 17:45,03F3916S,03F3981S,41,236,1
2024/03/25 17:45,03F3916S,03F3981S,42,251,3
2024/03/25 17:45,03F3916S,03F3981S,5,253,1
2024/03/25 17:45,03F4021N,03F3984N,31,130,52
2024/03/25 17:45,03F4021N,03F3984N,32,130,42
2024/03/25 17:45,03F4021N,03F3984N,41,124,1
2024/03/25 17:45,03F4021N,03F3984N,42,137,5
2024/03/25 17:45,03F4021N,03F3984N,5,137,1
2024/03/25 17:45,03F3981S,03F4018S,31,121,63
2024/03/25 17:45,03F3981S,03F4018S,32,126,21
2024/03/25 17:45,03F3981S,03F4018S,41,0,0
2024/03/25 17:45,03F3981S,03F4018S,42,143,2
2024/03/25 17:45,03F3981S,03F4018S,5,132,2
2024/03/25 17:45,03F4142N,03F4021N,31,1087,78
2024/03/25 17:45,03F4142N,03F4021N,32,1126,49
2024/03/25 17:45,03F4142N,03F4021N,41,1074,3
2024/03/25 17:45,03F4142N,03F4021N,42,1192,2
2024/03/25 17:45,03F4142N,03F4021N,5,1143,3
2024/03/25 17:45,03F4168N,03F4142N,31,91,57
2024/03/25 17:45,03F4168N,03F4142N,32,92,12
2024/03/25 17:45,03F4168N,03F4142N,41,0,0
2024/03/25 17:45,03F4168N,03F4142N,42,92,1
2024/03/25 17:45,03F4168N,03F4142N,5,0,0
2024/03/25 17:45,03F4018S,03F4142S,31,428,67
2024/03/25 17:45,03F4018S,03F4142S,32,459,32
2024/03/25 17:45,03F4018S,03F4142S,41,0,0
2024/03/25 17:45,03F4018S,03F4142S,42,441,5
2024/03/25 17:45,03F4018S,03F4142S,5,482,4
2024/03/25 17:45,03F4232N,03F4168N,31,242,87
2024/03/25 17:45,03F4232N,03F4168N,32,241,30
2024/03/25 17:45,03F4232N,03F4168N,41,261,1
2024/03/25 17:45,03F4232N,03F4168N,42,255,2
2024/03/25 17:45,03F4232N,03F4168N,5,277,4
2024/03/25 17:45,03F4142S,03F4168S,31,85,32
2024/03/25 17:45,03F4142S,03F4168S,32,93,12
2024/03/25 17:45,03F4142S,03F4168S,41,0,0
2024/03/25 17:45,03F4142S,03F4168S,42,99,4
2024/03/25 17:45,03F4142S,03F4168S,5,93,2
2024/03/25 17:45,03F4259N,03F4232N,31,95,21
2024/03/25 17:45,03F4259N,03F4232N,32,91,11
2024/03/25 17:45,03F4259N,03F4232N,41,0,0
2024/03/25 17:45,03F4259N,03F4232N,42,98,2
2024/03/25 17:45,03F4259N,03F4232N,5,0,0
2024/03/25 17:45,03F4168S,03F4232S,31,218,66
2024/03/25 17:45,03F4168S,03F4232S,32,220,27
2024/03/25 17:45,03F4168S,03F4232S,41,243,1
2024/03/25 17:45,03F4168S,03F4232S,42,273,5
2024/03/25 17:45,03F4168S,03F4232S,5,295,3
2024/03/25 17:45,03F4232S,03F4263S,31,100,26
2024/03/25 17:45,03F4232S,03F4263S,32,97,7
2024/03/25 17:45,03F4232S,03F4263S,41,107,1
2024/03/25 17:45,03F4232S,03F4263S,42,0,0
2024/03/25 17:45,03F4232S,03F4263S,5,0,0
2024/03/25 17:45,03F0158S,05F0000S,31,47,50
2024/03/25 17:45,03F0158S,05F0000S,32,49,24
2024/03/25 17:45,03F0158S,05F0000S,41,44,1
2024/03/25 17:45,03F0158S,05F0000S,42,0,0
2024/03/25 17:45,03F0158S,05F0000S,5,0,0
2024/03/25 17:45,03F0201N,05F0000S,31,230,30
2024/03/25 17:45,03F0201N,05F0000S,32,221,8
2024/03/25 17:45,03F0201N,05F0000S,41,209,4
2024/03/25 17:45,03F0201N,05F0000S,42,0,0
2024/03/25 17:45,03F0201N,05F0000S,5,0,0
2024/03/25 17:45,05F0055N,05F0001N,31,264,125
2024/03/25 17:45,05F0055N,05F0001N,32,259,36
2024/03/25 17:45,05F0055N,05F0001N,41,289,7
2024/03/25 17:45,05F0055N,05F0001N,42,0,0
2024/03/25 17:45,05F0055N,05F0001N,5,262,1
2024/03/25 17:45,05F0287N,05F0055N,31,1769,134
2024/03/25 17:45,05F0287N,05F0055N,32,1682,33
2024/03/25 17:45,05F0287N,05F0055N,41,1809,6
2024/03/25 17:45,05F0287N,05F0055N,42,1801,1
2024/03/25 17:45,05F0287N,05F0055N,5,0,0
2024/03/25 17:45,05F0000S,05F0055S,31,248,76
2024/03/25 17:45,05F0000S,05F0055S,32,253,29
2024/03/25 17:45,05F0000S,05F0055S,41,247,2
2024/03/25 17:45,05F0000S,05F0055S,42,0,0
2024/03/25 17:45,05F0000S,05F0055S,5,0,0
2024/03/25 17:45,05F0309N,05F0287N,31,174,75
2024/03/25 17:45,05F0309N,05F0287N,32,175,20
2024/03/25 17:45,05F0309N,05F0287N,41,197,5
2024/03/25 17:45,05F0309N,05F0287N,42,0,0
2024/03/25 17:45,05F0309N,05F0287N,5,0,0
2024/03/25 17:45,05F0055S,05F0287S,31,1006,142
2024/03/25 17:45,05F0055S,05F0287S,32,1012,43
2024/03/25 17:45,05F0055S,05F0287S,41,1103,3
2024/03/25 17:45,05F0055S,05F0287S,42,994,1
2024/03/25 17:45,05F0055S,05F0287S,5,922,1
2024/03/25 17:45,05F0438N,05F0309N,31,490,46
2024/03/25 17:45,05F0438N,05F0309N,32,489,18
2024/03/25 17:45,05F0438N,05F0309N,41,538,4
2024/03/25 17:45,05F0438N,05F0309N,42,0,0
2024/03/25 17:45,05F0438N,05F0309N,5,516,4
2024/03/25 17:45,05F0287S,05F0309S,31,86,101
2024/03/25 17:45,05F0287S,05F0309S,32,89,36
2024/03/25 17:45,05F0287S,05F0309S,41,89,2
2024/03/25 17:45,05F0287S,05F0309S,42,87,1
2024/03/25 17:45,05F0287S,05F0309S,5,0,0
2024/03/25 17:45,05F0528N,05F0438N,31,343,48
2024/03/25 17:45,05F0528N,05F0438N,32,352,17
2024/03/25 17:45,05F0528N,05F0438N,41,346,1
2024/03/25 17:45,05F0528N,05F0438N,42,0,0
2024/03/25 17:45,05F0528N,05F0438N,5,411,2
2024/03/25 17:45,05F0309S,05F0439S,31,469,32
2024/03/25 17:45,05F0309S,05F0439S,32,501,20
2024/03/25 17:45,05F0309S,05F0439S,41,532,3
2024/03/25 17:45,05F0309S,05F0439S,42,984,2
2024/03/25 17:45,05F0309S,05F0439S,5,526,2
2024/03/25 17:45,05FR113S,05F0439S,31,113,34
2024/03/25 17:45,05FR113S,05F0439S,32,110,16
2024/03/25 17:45,05FR113S,05F0439S,41,119,1
2024/03/25 17:45,05FR113S,05F0439S,42,121,1
2024/03/25 17:45,05FR113S,05F0439S,5,0,0
2024/03/25 17:45,05F0439S,05F0494S,31,201,12
2024/03/25 17:45,05F0439S,05F0494S,32,209,6
2024/03/25 17:45,05F0439S,05F0494S,41,0,0
2024/03/25 17:45,05F0439S,05F0494S,42,0,0
2024/03/25 17:45,05F0439S,05F0494S,5,0,0
2024/03/25 17:45,05F0438N,05FR143N,31,113,40
2024/03/25 17:45,05F0438N,05FR143N,32,114,12
2024/03/25 17:45,05F0438N,05FR143N,41,0,0
2024/03/25 17:45,05F0438N,05FR143N,42,0,0
2024/03/25 17:45,05F0438N,05FR143N,5,0,0
